email;phone;device_id;ip
ryanwilson@example.org;(972)288-6110x0888;5d948f97-3eb3-004a-c411-15ba46541d3f;101.19.24.169
seth44@example.com;+1-893-876-9054x45146;864f6188-8400-5f67-852b-0e3933460854;220.65.49.163
mchandler@example.com;4143269293;cf4fde0f-8ebe-d6d2-e191-9c947034753f;171.198.18.144
christina92@example.net;5402910909;f6b41858-6934-a822-a8d5-8c6a6b50b92f;212.248.235.234
martinkathryn@example.org;200-849-7570x53976;ce679ede-98cf-d846-9162-9d8c6334ab14;195.45.31.118
mariahross@example.com;205.772.6539x851;9abc6b0f-8808-d932-9e1c-15c8fdfedd4e;40.236.213.237
donnabradford@example.com;(200)816-6295;42464ae4-5697-5c18-ff8f-1c0244ac6646;208.215.176.250
edward46@example.org;001-210-326-8269x424;e53436fc-da09-9f9c-723c-7570160be750;198.241.253.237
timothymccoy@example.com;573.209.9786;a504b902-2f95-a287-c500-95453f348373;210.19.141.12
jason22@example.net;+1-937-404-1341x38044;4f8e46fb-9c21-2cd5-6015-b1c880fcfd92;199.236.233.70
scottjones@example.com;(428)573-4707;973a3d00-70f4-0a7f-7147-ea8021557cbb;201.22.133.141
shepparddaniel@example.net;434-609-5108;fbb4e1c3-8f72-8f23-2b52-030a4f1d0897;159.24.126.172
melissajohnson@example.net;001-953-769-2544x3277;2310a50a-cae2-f439-a913-5e6d714b3d38;54.124.79.207
urandall@example.net;922-342-0617x4171;fb44b3ad-219f-47ae-d36d-f9fc9da2323d;212.112.172.245
courtney92@example.net;452.666.1426;87d2bd83-2160-074c-99b2-7fa331268a14;153.77.121.72
nicolegarcia@example.org;460-542-9095x02737;d5a33794-0863-15f0-5827-1dee904b9923;82.186.214.112
rosssharon@example.com;001-247-321-2997x260;6ded0d51-87a1-a808-ef6f-09e712fa794c;206.236.202.121
elizabethjohnson@example.org;230.219.7669x74508;2ce9270b-373e-e234-1df6-d7d57bdf085b;197.144.30.172
kcampbell@example.org;(417)555-5444x751;feb85a47-ce8e-be71-b907-5e6835f88cdc;191.53.67.89
courtney57@example.com;001-808-834-8195;e74d7222-b7d7-e385-1bdc-c2ed95234b60;156.48.144.36
emily76@example.com;869-523-3425x23861;6bc5d7a8-396d-1a0e-3a6d-52fbded9226a;180.195.162.57
luislane@example.net;788-748-0576;a564b973-aa7e-ca58-0525-5b0eadb3c845;215.77.43.60
joshuaramirez@example.org;(880)446-9008x731;3bdc212a-433f-270c-78c4-10c89c6420ec;191.128.0.214
bruceerickson@example.org;+1-477-299-3569x822;0ab60252-e04a-8c51-9b9d-75de450273d4;195.232.35.221
audreybrown@example.org;(472)827-8886x87343;31d75b60-4bbd-53a1-7a8b-7989a360b576;131.219.108.243
erichunt@example.net;999.548.4646x5068;f99b512c-28e8-b1ec-0e55-c22447b6ffc5;142.0.189.68
vwall@example.org;(488)767-3150;d6068a75-74f8-0c28-a27d-ab6f2b483f30;101.153.54.23
amandawoods@example.org;001-591-279-7545x9317;9b78fb02-8970-e76d-3884-0a905a4cf4c0;128.232.132.15
kfox@example.com;613-572-4807x411;01759977-af42-2c5d-a2a6-c667ed3ed09b;214.242.44.181
iedwards@example.org;317.991.9163x932;c45ee409-3908-9533-00ef-8750419b0006;165.157.154.43
dbyrd@example.org;727-512-0139x2849;50a0c75b-fc45-8624-cf96-0659571785b2;155.4.152.246
jessicaduran@example.net;(625)839-6362;8c6fa4b2-cc81-5f45-ae3a-6f1481417019;115.84.85.106
darrylbailey@example.com;528-528-6072;89cb9c1e-da0b-ed32-f803-e7e2b5d4791c;18.196.227.29
eerickson@example.net;(391)213-0822x7049;eacb79aa-9d65-130f-bf73-8527fc753950;116.160.169.204
rking@example.org;+1-444-686-3152;121690ce-2ef7-e3b5-ae47-bf47d0aa8d3a;27.189.132.176
annturner@example.net;244.879.7745;20674edb-2ebc-ece6-c33e-866b1cdbc142;117.157.191.80
kperez@example.com;999-540-9499x368;66c2dc29-229b-119b-42b3-73c43c0cbbdd;4.165.57.88
caroline86@example.net;951.545.5843x715;17aa5b1d-9900-880d-96bc-bcd2004e0605;71.136.2.237
otrujillo@example.net;687-250-3345;d42ce103-9038-c421-bd5d-a4df11c2bcc6;91.253.212.182
darius48@example.net;907-446-3601x0513;15f4ed5b-3aa6-5aa5-6941-b609ca1ac376;210.89.69.44
andre13@example.com;001-444-929-7234x595;572f7aea-e218-1423-d287-014cacf952c5;150.227.44.104
mckenziejames@example.com;946-917-8004x542;8181efa7-0fd9-8597-bf58-d947c960bb39;42.102.1.101
keith86@example.org;001-629-867-0345x9964;9ba9d656-596a-bde5-5481-71fd4641cc97;87.130.248.233
eterrell@example.net;439-569-9729;80f22f3b-78db-d60c-2bc5-4526c2116c57;136.152.81.212
aelliott@example.com;748.606.1126x4596;dbf80da3-9a7c-4e36-3c58-b438c3bf6e73;62.236.211.108
ztanner@example.org;+1-863-561-3162;2ea9cecc-1b38-80f9-21fb-baaa2fc96b2d;167.209.145.184
michael20@example.net;+1-541-223-8273x274;8e76e36e-09bc-eac5-05cf-51fc0b24dd4d;98.192.144.91
carpenterchristopher@example.org;+1-761-462-3284x03990;8fb264ac-eee5-b941-130e-f0d9da861fe2;223.85.56.39
alexmcmahon@example.net;001-872-567-7429x978;a3a4b260-e358-d7a5-3fa1-fa06c52f2e2a;169.237.154.116
webbjames@example.net;559-309-4396;0c0cdab1-25b7-77e9-07d2-d6e4c66e849b;223.212.172.149
dylan63@example.net;707-357-3476;244c343c-213d-5b52-23ab-34d56e0d2d8e;220.197.113.201
jesus64@example.com;001-516-458-9961x28520;6c8a70a4-c8bb-ae2b-80b4-04f5f68b03ba;212.70.239.146
belinda23@example.org;744.928.7170;88507c8a-78a8-9214-98d3-a64622ebd4bd;203.143.10.53
bgoodman@example.com;+1-516-393-3804x7063;b96274d4-897a-ce6d-210a-606084d64e12;222.21.130.63
matthewferguson@example.com;923.917.1250;92796192-ee35-b20d-e0cc-1d234d5303b9;213.117.197.10
lisanunez@example.net;+1-680-462-8505x334;fb8ea857-040a-1a13-3ead-9979b79742ca;156.181.49.254
carolynshaw@example.org;001-309-345-8102x0019;cd2be17a-0504-9bd5-3dd3-d6d25983c065;47.185.186.236
rodriguezjohn@example.org;001-288-967-6531;1b840900-0e0e-35c1-eee0-4a7804e4bdf9;201.153.131.168
williamsearl@example.org;+1-309-459-9633;285bceee-19a9-a39d-aad5-4e4612493d0a;200.116.158.194
vhenderson@example.org;562-505-6365x16598;0f708a4b-fe24-1df6-d141-9d90da134afb;79.184.244.50
stacyclay@example.net;(829)694-7923;1a117624-9a74-1016-bcdb-863b50d0c190;219.125.124.218
katherine34@example.net;001-202-366-6452x675;ea322549-35fe-6994-9a48-2b15ff6f057c;194.141.75.116
wyoder@example.net;001-353-721-4559x34725;f87fe569-fd12-dbff-6269-d46abafb967b;89.47.61.203
holly90@example.net;420.350.4386x8748;db797428-8f04-147f-7353-fb1e38818df0;159.204.140.64
jenniferwalker@example.org;655-555-1952x479;09fe4400-b9ef-aa2d-afdf-bd3efe44fa37;217.181.229.126
margaretmartinez@example.org;001-259-685-0571x18920;8a229c19-4b68-b54f-ece6-ec71f0185735;18.175.20.87
lparsons@example.com;(592)657-9868;f8a3271a-2491-8534-839d-88232d7ea604;156.123.231.251
rodgersgregory@example.net;672-333-6283x976;997b7f9f-14c9-906f-b394-54fc4b5a8938;19.178.68.30
pjones@example.org;710.715.8181x174;c33be4f2-7843-a3ba-30b6-c23f563c1940;120.199.114.49
shannon42@example.org;(614)791-1567x52825;23dca229-be9d-9515-cac6-153f6998db73;198.190.82.227
tyler57@example.com;(321)603-1467;333f7550-e8ed-0247-4a1c-3e081f363174;217.208.247.131
melissa06@example.net;434-756-3299x968;ec0947fb-f345-2525-4e13-326f15c33fc6;223.253.126.71
joshua98@example.org;9017742832;aeca5277-f39a-86ef-3dcc-7044c5319330;205.123.140.2
jeremiah60@example.net;001-531-684-8638x6210;093c39d5-68b0-56d0-001a-874db39e9260;37.230.192.61
rhall@example.com;+1-442-905-8635x16498;17ea1487-a224-c496-8638-efa7baa5a194;211.42.104.244
bellrebecca@example.net;(615)708-8574x1123;4f47162d-89af-9e65-2281-8a17d200e409;192.133.104.127
joseph42@example.org;(802)794-7288;9831785a-b1e8-d75f-4f1b-bf5db37d86bd;186.33.210.120
orozcowilliam@example.com;691-897-4340x877;4f14ed76-e49d-14f7-37dd-4eb169a40718;27.30.115.83
tinalong@example.org;001-348-750-2170x0694;ab5fcf12-cbfe-2b31-358e-9b3ce6e12e44;198.35.90.32
hardingphilip@example.org;4066593498;29a6c511-a286-393f-0237-55c4b4cd3212;125.198.70.197
andrewsullivan@example.org;+1-904-565-1833;c9a2f380-9d98-3032-b6cd-794f3bfcd926;169.99.139.208
moorelinda@example.com;(521)867-9288;d6e69712-875c-479a-8cbd-153f87978560;184.22.24.225
lisa07@example.net;(804)721-8339;f0d9afab-c472-e542-dc95-21bc5b714a93;181.145.150.161
pereztrevor@example.org;843-340-5359x14698;92743854-bbd1-3bf9-9c31-644c08d93a76;168.177.6.244
knorton@example.net;(673)661-0881x6541;43d20f99-ab0a-b1ce-3ffb-a748c76f449e;200.124.92.119
perrydavid@example.net;3525618360;75d33aab-a3a0-a153-651d-3a4e6d18d6fb;199.89.248.78
lowekenneth@example.net;278.337.7604x071;feaa9be8-f7a7-32e4-9d69-ee7194383809;207.193.227.185
xthompson@example.org;(295)800-6403;4c1239e4-afa8-ab04-53dd-f87620bae65f;222.42.6.226
gonzalezmichael@example.net;349.649.3234x23669;8a06b2b8-b66c-2113-cbd9-ee3dabde2966;160.136.255.86
marysullivan@example.com;001-274-351-3547x343;79b25200-5515-4da1-6486-1dba202c51fc;41.103.107.20
fishersarah@example.net;871-879-2295;9f09f64c-1d8b-f9e2-ebd2-33a30d8b7cf0;166.222.149.208
dlee@example.org;9356609501;0f92c640-b240-3701-6bf3-e3dff3783260;193.226.207.21
jason10@example.org;2976628527;b8eb824d-1726-b24b-2965-e84830936611;88.174.99.239
smithdouglas@example.org;9053059106;0c890f88-1baa-040e-e670-a5a8a17bf2b8;215.220.233.252
braunemily@example.org;+1-336-799-4338x503;7b46b191-69bf-0641-c475-026c3e09be25;210.44.212.30
gail51@example.net;599-758-7186;dd08ab12-1dd1-ad86-a14b-7b6bbd1a2be1;155.119.96.113
robertatkins@example.net;(383)728-8176;947d9db1-db01-ccf0-bf1e-c1f0ffb16cb1;152.16.83.23
christopherroberts@example.org;987.946.3161x40875;b6e0e500-80e1-a718-d606-06c47fb2a199;130.220.4.177
scott00@example.com;3528902288;c395115e-a033-540d-515e-2d100801cfcd;218.189.19.252
vedwards@example.com;001-640-213-3510x4371;54725112-b3d9-b89a-6ba0-c1fe908f3b07;204.115.194.122
qyang@example.net;3338149074;93a945df-1141-2f8e-2542-11ff06dfbbc6;63.55.96.121
petersaaron@example.org;245-879-5319;c018d105-090f-d203-581f-a452418718ff;148.213.207.146
vickistanley@example.com;001-614-812-4684;38f007bb-bd37-3ff2-9b01-c9e53c37c9bb;101.54.140.172
bmorris@example.net;+1-412-472-5436x80935;37a2826c-ac6a-ac82-e7b2-883dffd6b788;133.48.125.144
patriciafarmer@example.org;001-679-774-2831x44900;74a79d7c-4f17-8738-3aff-3ecfe4782516;173.42.207.165
tyroneboyd@example.org;(785)826-8814;479b7f4d-aa9b-061b-15db-4b4f6b99ee21;177.83.214.104
teresa63@example.org;(933)872-3449;94dece20-5c55-aecd-8c18-193071bd40c2;199.200.128.125
igraham@example.org;690-628-2445x297;1338c4e5-9b00-df53-95a7-d1f9c4f0f2fe;155.248.169.230
vtaylor@example.org;536.369.5007x367;b35af89e-6ca4-b713-ca23-a87bb048e5cf;162.119.22.162
freemanjohnny@example.com;001-910-548-2491x52257;c45898ae-c32d-0754-262b-cd965718979f;194.26.156.188
barry55@example.com;001-815-723-6759;6fb19537-1250-63d1-fd10-64574e5c06c6;126.176.216.99
james36@example.com;872-683-5706;06e0d99b-d956-4346-9dee-728d4ee307e9;159.61.218.204
johnjones@example.org;975-762-5911x4525;a6e40298-a079-626b-88a7-e9d3b9295af8;214.95.17.215
julie07@example.org;535.929.0944x211;6cbadd09-6aab-08aa-599a-e955f3324a5f;50.199.172.203
rubiomartin@example.net;(821)368-8811;ea002cbb-f9fd-df6c-038f-d54464ea0cc6;203.245.105.162
mpoole@example.com;9517700376;e5a567f3-89f4-40b1-76d3-e7f06fbcb563;67.137.166.20
jimmy30@example.org;312-767-9613x70089;0a4419c0-f301-1fd5-6f71-17be35b6efab;6.29.185.74
opalmer@example.com;364-903-1282x47690;5748495e-0428-4a69-ff98-d6fe84a5e165;195.171.11.169
jonesbrooke@example.com;612.801.1273x703;df4b456d-52a7-9ba6-1365-e46db40df86f;210.14.7.8
william38@example.net;(495)783-2431;a6e4b4fb-cedb-61a2-d296-46548f558f32;207.217.180.162
jessicanewton@example.com;871-632-2664;ec008ccd-9771-fcd4-803a-dbbb04a6ac16;185.60.16.247
brianruiz@example.net;001-322-909-9783;8e53b0e4-83be-c8cb-084d-496733f666fc;86.247.190.191
manderson@example.org;+1-239-664-9003;430cc841-39fa-b540-1e0c-1075dbd697c2;210.186.81.179
vcarroll@example.org;+1-826-741-2640x665;03b596fe-c0d7-0eb0-bb9a-3adec4e4f9b2;166.190.60.179
lynnschmidt@example.net;001-701-465-6192;97ef90cd-6945-d67e-fc36-2555048404a8;198.242.237.179
michael79@example.net;989.909.6315x462;b2820ba4-9455-4005-9166-197d42113609;31.164.206.230
ruizbrett@example.com;699.387.9330;b5d768da-f7de-83db-096f-4747c0918490;74.42.79.245
sara05@example.org;6334392787;a86f08a8-5ce7-cbd8-8ec8-df0dae9bfa17;135.16.28.223
dana06@example.net;290.471.3189x9163;492686c5-8501-5472-c61f-4e313fd3fd34;9.179.138.106
kennedymargaret@example.org;+1-954-283-2564x4953;e2cc3efb-e0a8-6bf0-9eb0-d743821b2271;3.159.49.103
veronicaharrison@example.com;+1-830-848-4395x38429;e98ba878-1c75-688a-89e2-f82adcaf96a1;106.83.136.250
ywall@example.com;001-285-868-6146x36724;a55da654-6b23-8b85-3832-f1ae86293171;191.195.37.151
leah51@example.com;(768)240-3399;74840208-1128-8ae0-270d-d8dc0b138147;213.129.56.43
kaylamunoz@example.org;204.483.6212;3b5c9e5e-5b29-929a-d9d0-3d30508213e5;37.9.215.92
iscott@example.com;+1-956-221-6708;9949bd63-9ad9-74bb-ca4e-6c30958f3706;14.104.198.122
darrenjones@example.net;001-322-265-7096x60321;2598e46b-d575-b923-ca97-e74c552772c6;181.187.167.177
wmahoney@example.com;(556)595-3694;862a3485-e66c-f58e-3501-a874cb3b742a;201.28.195.0
hsmith@example.net;508.683.5075;84ef55b9-6fd1-98db-56d1-5a0d66b34126;171.223.200.206
ysimmons@example.org;9524363123;8ce09fb1-b79d-4809-e22c-a8acb4ea642a;207.122.9.145
rhondarice@example.net;(870)210-4869x61566;6d41c854-5c1e-fa3d-bdee-d3f9f49e842e;180.155.235.86
jasonparsons@example.net;001-835-985-7613x9704;557af98b-ed79-075a-a648-065b3cdb25f0;167.174.255.252
bgarcia@example.org;5846506807;75a8dc41-d7b7-f59c-1424-78ff8065b7b3;155.92.173.187
shannon11@example.org;541.839.8056x364;cd711658-b80a-1155-4c69-e8ebe9f61b01;129.170.163.5
floydjustin@example.com;+1-891-399-9976x67805;873ad1be-0e6e-a69f-ad0f-f2fe7769ff84;216.198.43.197
rachelcurtis@example.com;001-852-972-9842x87614;9a669b21-7bdf-e537-3090-165971549a63;160.41.20.154
collinswilliam@example.org;001-515-591-9332;ac811708-3433-a220-0386-1fe13430d57d;151.130.170.112
ihernandez@example.net;6029304872;037e20ce-9fe8-c9ba-b2ad-583fe698dc26;147.21.51.218
davisjohnny@example.org;719-515-5828x878;6fc3a436-0df7-15de-ab8d-4aed6a1ae937;200.67.129.119
karina66@example.net;001-327-602-5467x43145;573bbee6-73e2-1868-5e89-b33da8d1cb0f;47.29.59.90
huffmatthew@example.com;(847)757-9789;d3869df1-ff47-7179-827b-33a273f9d301;202.13.93.230
kimberly18@example.org;7652113758;4ed97b71-4115-ef16-d112-cb33ef96b2af;198.150.122.163
williamskimberly@example.org;(409)391-2958;b3fd0f17-61ab-1155-0258-f713091e1d45;152.247.72.190
jameswilliams@example.com;(679)423-8949;a341ec72-089e-a9bf-4b50-c29e74c5d115;196.182.48.102
fergusonjimmy@example.net;921.762.2609x719;1abda0a6-885e-5292-e6ed-ed8e7aa1c779;150.105.119.118
nathaniel51@example.com;001-928-796-6470x604;92fba050-b11e-20a9-63e2-8f1afd93d814;220.144.244.25
robertcox@example.com;001-201-349-4735;a0b9936b-d6e2-4b12-d611-a96e8c8abe25;147.94.197.245
blancharddavid@example.net;(575)721-8015x55864;73d032be-5def-791c-0470-418c10db12c2;49.248.228.115
sabrinagomez@example.net;(407)956-9938x6541;e0f1b8e5-b83d-239d-f0e7-986bee60bf70;195.245.105.55
heatherwallace@example.org;702-586-7895x2513;36afafe6-554a-4700-43ee-b49c67501afa;87.168.185.12
nancymiller@example.org;(890)325-4636x841;bda96573-3e4a-e45d-8691-16b6305eb64b;25.3.22.224
kmiles@example.org;+1-707-601-9511;cd744eac-ccb9-9d4a-f165-d8c2292efca3;205.19.205.105
xgonzales@example.net;+1-398-769-2968;79758fd5-2380-4ad9-569e-e953d59d8622;188.133.127.146
nmiller@example.com;426-347-4250x12336;db57901b-013b-69e0-d489-284a1ebb6516;207.228.105.38
jacksonjulie@example.org;(856)661-5829x491;785c5394-bc0a-d682-8aef-bb7b4b1426fc;11.86.82.120
qstrong@example.org;440.894.8902x06640;5f0e6f2a-1348-2f78-8fb7-e6c8742a65fd;192.204.231.104
dduncan@example.org;362.496.9064x7577;5698737d-abf2-7a56-3f39-b9c568855739;109.64.124.168
jonathan59@example.com;(957)442-0925x1591;41424d0d-1df0-7fc1-a20e-4ea54a3b6b30;197.255.18.228
brittneyhendricks@example.net;739.611.5295x28827;8c372241-4655-1585-70f0-aece1a38959f;79.79.91.37
qli@example.net;697-738-7690x508;7a1472f7-1592-ba39-7f15-d2515ea5e8a6;167.121.231.190
ashley61@example.com;(592)210-9702;d71053a8-99a9-9114-b73e-02adc8031870;204.104.13.221
lisa73@example.com;(555)920-3192x1505;1689cc33-e20f-cd83-8bf6-ef3ebeacea13;4.226.6.227
melissa32@example.net;(833)556-6952x62519;4ba4299f-5bbc-0fda-6ed8-76a803282bf8;209.174.123.6
pauladams@example.org;362-865-2088;a9f14f13-2675-0342-e0a8-b1fcf2586e4f;219.231.31.145
brian91@example.com;559.392.2922x2975;854dc0c1-bfdb-a49e-f464-a415f344f717;206.39.221.196
lscott@example.com;2615874414;5cebbbb0-1cab-8b5c-f870-acd04c4473c7;218.193.232.203
annpayne@example.net;(292)218-4303;ae9c257b-358f-79bc-44e3-a2fe10ae0eee;178.149.216.4
vanessa78@example.net;719-738-4413;fdf296e6-3491-65ee-9af1-ff2ad02d8f25;204.28.193.69
raymond88@example.com;(426)828-3016x1378;d8a8ef57-a763-d4ef-335d-8102ead1723a;190.71.44.173
murphyjames@example.net;(383)884-4071x349;9d02e87e-960b-5998-d69d-6477f6c83a77;197.229.194.215
mandy58@example.net;984.466.3102x204;3a3dcabe-9d25-efde-e4d7-4dda16aaf36c;155.220.189.87
townsendwilliam@example.org;370-467-1846;32d0a493-40f9-d8f1-9d96-0369d4f24667;192.163.186.0
mwilliams@example.net;(980)897-2426x4541;88d98505-0622-32c4-615e-a4c829208036;26.125.181.94
ajohnson@example.net;649-577-6293;d68e1d96-19fa-87dc-3e54-edbafcbd3f91;137.142.247.17
amymaldonado@example.org;+1-433-383-3035x9738;6df8c740-ed76-4f86-f18b-f13578e7c5f2;132.76.123.36
awong@example.net;(757)318-3337x3524;f0ecbe45-e8fc-ab64-2b69-80c1a874154a;155.246.64.97
qlee@example.net;(608)355-0316;c2cffd8e-edc1-9e61-6863-7edbe6b44dbd;91.17.233.137
sandersantonio@example.com;210-461-2764x482;14328a2d-db70-66da-f8b2-7c1f73e5c391;3.18.39.42
kristenescobar@example.com;(611)995-1591;cb54fa53-c523-7f5c-9043-68ce38cae332;79.17.230.88
joshua67@example.org;+1-487-580-3351;ff862446-39c8-c720-2910-dd4e789ca702;215.237.121.237
amandalee@example.com;001-442-912-3267x59187;dcfec0b4-9519-685c-ec86-023a996424e1;153.76.224.224
grahamfrances@example.org;451.215.3682x261;494361aa-4fea-b2ed-aebe-d30f2b58926d;81.97.177.153
paynescott@example.com;896.870.8271x76796;e0f5d6b1-21ad-99d4-1006-87a4a6ad16bb;196.209.62.250
john71@example.org;865.289.6613x37931;d267a98b-7efa-1444-210e-e77e23f6c67e;124.49.89.220
johnmunoz@example.com;(753)754-8018x0027;74fd1f97-5ba4-bcc7-7d0e-a9607675a797;185.30.140.245
zhansen@example.org;+1-393-406-8278x6346;63655de3-abcc-3fe2-0098-3d3c70b87fed;219.143.173.140
carolyn19@example.org;(559)436-8665x3041;fb0a5f41-d038-c6a8-c724-9996bad72905;107.39.231.173
stewartcheryl@example.net;(829)323-1964x2362;32950509-18b1-b177-9bb6-1922bbb467ed;27.112.119.42
aaronfowler@example.net;226-968-8175x08465;8b5b140d-c7f4-d24a-2b8c-1cb2c0fa40ba;221.40.173.139
romanmark@example.com;001-213-791-3276x8492;f3fc45a1-25d1-046d-c0f4-01d0783780a8;130.41.178.116
andrewmurphy@example.com;335.529.4703x0682;56db4ca0-6159-26e1-d5e9-19e0089d2f32;133.59.107.238
frederickmichelle@example.com;(395)571-4370;eb3f402c-f503-3ffa-3f52-80cfe4c25c0c;217.208.136.139
jay00@example.net;708.975.0477x3256;20d19059-e7f9-d8e8-e456-8201af7e382e;221.21.101.43
sgrant@example.com;657.589.3610x536;c82bcf1c-d5f2-7207-aa7d-8d0501a95c2c;111.151.80.108
johnmiller@example.com;(552)520-3255;69d9b423-d185-d221-d8d1-b56c9e5ce0b1;161.198.24.86
jamescarr@example.net;+1-671-332-5207x9081;3830f96d-a263-0801-278c-d4251da20b4c;25.255.199.111
hayesmarie@example.org;993-316-2082;ac5e9127-0af1-f84c-8f6d-181da213ee41;36.89.49.204
reginaldweaver@example.com;740-521-6409x55769;f8d7543c-2f00-9c59-006a-7e42d601734e;75.143.125.238
edward51@example.org;255-283-6594;fc1ae51d-abde-517d-b732-45cc70b94374;208.41.139.55
marypayne@example.net;+1-637-341-3795x357;2ef71120-b241-de17-7c33-85ebcff38b33;30.188.30.200
nlopez@example.org;8296574960;ad40544b-4fe2-bca3-cc38-cd337b4925ed;139.123.48.73
patriciasmith@example.org;(481)837-6099;5c13f42b-684c-22de-192a-3bbf9bfd7095;100.139.3.8
christopherbarrett@example.net;985.212.2228x1193;78289907-6e45-9e68-3984-097d5d4b24d0;221.179.24.213
sharonjohnston@example.org;983-369-6324x4351;ddbff902-3037-f62d-fe55-0187a496b5c9;147.134.72.20
emorales@example.org;667.435.6514;3ab48bbc-5ba3-f88c-a902-5cb56c6d1477;68.40.173.230
fwhite@example.com;717.303.1454x760;d92525d2-6fca-0fcf-5e49-a38ba670fee3;197.143.250.240
thompsonchristine@example.com;(508)873-9421;0d39da84-8aca-d2d3-a982-c4c080fd5343;221.204.171.143
wcunningham@example.com;(253)766-7854x77674;5804899c-d711-686d-9e1d-fcefc9058574;221.41.170.88
loweleslie@example.net;+1-243-480-0293x667;de77d548-3a71-0da0-5771-895688f0fc4f;195.26.159.81
ulewis@example.com;458-590-1936;d8130575-29d8-f8dc-217f-88fe106d66f5;21.209.26.12
wanda94@example.org;711.313.0574x4549;af7697d4-0771-3786-b0fe-90d4e3e38334;190.36.129.220
sherryrhodes@example.net;423.867.2644x7358;37eb8883-d3e5-877e-7bf6-fef93e0989c9;5.121.237.211
jeffrey55@example.net;594.255.4039x95630;7ec56857-173e-d358-2117-520a71900a2f;193.59.129.155
jennifer86@example.com;774-570-6610;72738ef2-8f5d-e9e2-5258-f1486da57f77;56.253.151.4
andersonalexander@example.com;642.540.2363x221;e235aecc-0762-5ba2-f4e1-b520d5a8bafc;194.157.254.0
cmartinez@example.org;904-543-0987x89059;2c40f0d2-8857-4a41-cfe6-1adcba1b8f78;4.115.52.140
orrlindsay@example.org;(674)384-0861x346;208802c8-bf07-405e-daf6-dba3b3f20eff;218.78.30.148
melanielee@example.org;(526)752-1039;43eb63c2-0d1a-a0f7-3bdd-8ce62fecf7f6;209.51.76.200
ericarangel@example.net;326.267.1417x0152;11a6153c-3fea-93d2-9a3a-bd687c71e6ce;62.141.17.171
jacob77@example.net;+1-642-520-4699;cc4c5ce3-3453-1eb3-3771-217bca85575c;199.200.251.143
keithford@example.org;2144756736;e56eaefe-68e5-8012-86c8-be79b38d865c;105.149.44.16
riverakelly@example.com;(904)389-2400x72163;acd61b88-d72a-7952-21b2-cd52c729f6d5;185.86.184.0
mbrady@example.org;660-774-8383;fbcffe11-9e30-57a1-98d8-26a846d618e5;133.47.25.255
kelly24@example.com;317-675-5296x55614;431254d4-1d84-7339-337b-6b4c6a4a73c9;153.210.133.236
jay10@example.com;(837)574-7589;22c896b8-87ab-da57-3009-1bf8c3bfe43f;67.241.13.38
nclark@example.com;(357)922-8937x88972;4cff3198-3551-b673-a582-421630b42833;219.182.50.103
thomasholt@example.net;592.348.3868x53130;53d660a8-7337-9a72-e3f8-0cfd496c2996;223.92.108.187
fpatterson@example.org;(929)346-2523x1816;37ad52e6-dd03-e0bd-5327-194299188f26;74.66.158.219
swang@example.com;753-879-8032x2480;ae9c6207-9621-008d-0562-da0bede883ad;142.231.182.124
kenneth88@example.net;001-813-966-1898x759;0b277e8f-1459-aced-e682-576d8fff93e2;210.205.207.120
princecourtney@example.org;(289)208-0239;1ff59358-a3da-5c0c-5d13-0436188db260;210.169.47.45
karen73@example.com;989-930-6192;4b18e7cb-a2e1-8b34-9bfd-801eaf1508cb;101.133.63.95
kevin94@example.org;674-794-9976;b596cb7f-2516-e943-b1c9-813b59252b70;16.20.130.231
michaelbyrd@example.org;7092524885;9ec12730-6881-b8c2-b5cb-35e6ee404eef;200.114.166.252
kmurphy@example.net;001-256-859-1103x18951;d0de8792-2da2-914c-f7e0-ae2f853fcc44;205.154.122.58
thomas94@example.com;+1-275-595-3604x780;204342bd-5b7d-0d5b-1d28-2cdf700e04d3;184.125.225.213
kirbymariah@example.net;001-446-343-6947;d5c56a06-adf6-4c09-094b-eaa0ef1ca9a0;213.36.249.181
robert79@example.org;881-241-2123x5281;57307618-cc04-c922-881e-561505369240;31.207.90.144
sheila50@example.org;+1-354-465-7638;106fc589-466f-bf1d-bad2-c4ee71d2b359;210.129.14.141
vanessahamilton@example.com;261-790-9081x471;04058bf1-da07-f9f6-c53e-3f6b21c4926e;213.86.148.62
hwilliams@example.com;+1-779-329-5659x3397;49cadedd-12e1-a5d6-3ccc-056822d6261f;54.163.172.84
tina20@example.com;+1-979-980-1241x6813;eebff015-dabd-bdb7-7fad-004fb85f9fdc;221.226.51.127
hoodkathryn@example.com;001-569-249-1479x60001;33d1496d-6c75-e93c-9d00-9354fca543e6;216.147.29.147
janicefloyd@example.com;937.975.8680x6180;f37d6660-2487-5a79-c250-bbb283f89dbd;100.62.134.21
hannah63@example.com;001-995-364-0180x774;a2c375ce-4d90-a866-51d7-96de22ae23a8;159.246.152.122
freemanelizabeth@example.com;001-709-335-3089x567;0b88ddf5-73d7-6de2-64d0-e4bb484c8e54;82.78.70.70
ygreene@example.net;505.571.4880x1264;8818d280-ace7-3bab-4799-b12112761480;74.4.138.184
hshields@example.com;(958)852-7819x10061;c455b993-562b-6528-efa7-eb42f2636527;76.245.213.24
sparks@example.com;365.896.8270;3b876b62-4c06-7988-39c4-7de9d8664c64;160.15.72.200
baileyrebecca@example.net;873-544-0294x10522;3e8bc793-bf3f-0156-f697-db23f2504ca8;182.237.98.212
jessegordon@example.net;001-279-323-4167;d8f5d43e-692f-f84a-b595-403923f296a6;139.181.43.212
dawn06@example.net;871-459-8816x647;4d8b2e59-1729-f4aa-c1a8-716cc18696c9;175.5.60.56
nacosta@example.net;963.935.3602;e7899947-89f1-8667-8bf9-212d07abdec2;177.105.226.240
jessicabutler@example.net;800-352-0838;0693ed13-1315-3da5-500a-f2b9d08da58f;91.33.127.179
thompsonabigail@example.org;324-682-8647x3967;570d94ca-2b0c-d7fe-f52a-a3a54b7a8d69;157.167.36.53
mahoneymatthew@example.com;209-800-6746;c0c2b12f-6973-ef9e-f2aa-2ce479c63f99;141.90.213.24
gevans@example.org;001-776-201-4260x38653;7988e8ec-3036-31b0-3662-981a900d6574;125.53.113.36
uhunter@example.net;(963)707-4415x856;8e94cef8-6d58-426c-c9b7-ae804eab163a;202.162.229.38
veronicacantrell@example.org;+1-677-757-2540x0233;5047a035-d786-796b-4097-3927962af2ad;68.46.89.73
smitholivia@example.net;(900)588-8398;3646eec9-e995-d6f9-75c2-ad4072e15087;208.103.13.234
mdavila@example.net;(926)931-8450;6da7de28-456d-fd60-d5ab-e1a139655a45;214.104.228.147
sierra62@example.com;001-505-479-5287x00133;0676dea3-58dc-8baa-b1ff-c65518aa7491;200.86.131.46
melodymcfarland@example.org;(851)348-6555x76322;cda2ded1-ff93-ef9c-377c-5cf6a807a6ce;214.133.186.114
stephaniejohnson@example.org;001-512-210-2697x42371;6018b601-5b51-1067-e4fa-ad28b2869f4e;152.0.230.62
cody13@example.com;638-203-1508x8873;0654e7d9-f6b9-f753-9edc-83c66f1321d3;201.204.55.122
ssalinas@example.com;318.892.3689;32ff468d-f961-caf2-c56e-9c156c2a9da0;143.2.114.112
robertmartin@example.com;257-949-9949x7037;350e25c3-e110-e558-e30c-e42ee40c784f;88.50.204.121
patriciaallison@example.net;678-336-2225;a23d1b7d-c0f6-daeb-1dca-91a77446c8b8;139.91.196.50
perezchristopher@example.net;258.428.4997;f8daed9f-9a11-dae2-9bbc-c47e2e98a17f;170.49.167.186
curtisangelica@example.com;(528)343-5422;425aae38-9190-d505-91cb-3251dc097ae3;77.127.176.179
dennisteresa@example.net;001-786-829-4987x024;7976311b-b801-6683-8019-436b06e033ea;151.19.164.187
butlerveronica@example.com;6715505520;7e6adffe-6150-a5d6-edfb-a24f9850db89;209.146.111.198
anthonymathis@example.org;001-814-564-9906x021;cb49bfad-5b18-8e8c-3c3a-13bf4e1d7d9b;141.187.187.173
pricemichael@example.org;001-586-463-0086x76088;a7cfb4cd-1a62-8020-94be-a1249081ddfc;212.225.117.213
johnhall@example.org;403-414-3776x788;7f3292d1-8836-9c12-9b9c-67b94c740de0;11.43.43.217
andersonmarc@example.com;471.930.6370x5408;5dcb0b40-4d3e-e274-9a92-df8d91d59167;113.56.207.4
uhenry@example.com;(445)440-5166;1f1674f8-307b-f57a-9059-63c47b1f6d1e;171.225.12.71
sanchezscott@example.com;735.322.0369x1170;cd893433-2577-6223-0d28-1934755ec0ca;194.151.131.239
icuevas@example.net;(924)955-8980x64852;e8d108be-dc07-f2d8-4cdc-cdcf72ec4877;179.241.66.60
martinezmark@example.net;648-920-9951x76158;7ef59cb2-41c5-1495-1c36-555599fe63c7;134.235.217.140
heidi03@example.com;716.796.8287;b58012ac-0575-004a-ac5a-4e1c9a1ff3cd;49.123.99.112
nicole15@example.com;001-728-471-4328x14408;b8716c47-f523-8d9d-bab1-0976a784e3b9;220.124.208.112
sethfrye@example.net;001-594-317-6539x543;0f416f86-0c62-8a65-27db-094fdb9454ab;129.226.63.71
martinezcheryl@example.org;443.582.0447x496;00c1f56f-0ff2-f107-9935-92c0e86ffbdc;129.30.221.64
sarahburgess@example.net;230.817.9223x038;d64f71ce-6d98-c62f-c29b-73585d4f4d8e;136.151.148.152
dortiz@example.com;001-779-247-9600;11a45d92-2372-bc5b-209a-132d8bc90106;178.42.195.83
lucasbetty@example.com;914-811-3030x2739;b87618ab-ad91-2622-0b51-f7ce2d60ac95;79.11.240.230
dwhite@example.net;001-309-256-5884x00910;5d3fb9d3-17ef-d1df-46cc-db5ab8f9ab2b;50.235.121.139
vincentwhitney@example.net;6829508718;18821e72-7988-3b94-437d-9fc575ddb45a;105.194.97.213
kwilkinson@example.org;905.691.5474x97862;b86d927f-53c3-bb27-ecdb-fdd53990f038;141.39.231.183
rschmidt@example.com;403-857-7580x39197;b496445a-f6c4-64cf-05b3-02a2459373a4;158.200.47.168
bmcclain@example.org;(404)691-4575x998;d5c8fbf1-6dc3-a859-e102-7be64c8b5e98;170.81.161.25
wgriffith@example.org;5765187799;c71d166b-50f7-882d-a933-0f5f9212def1;211.180.155.182
mjennings@example.org;001-753-840-4344x281;f6831d60-2a2d-6b85-3000-b473c187d6fb;141.167.182.107
imartin@example.org;(721)280-1087;e49fe96a-88db-ce63-b7da-f60973a3644b;154.253.21.70
kellygutierrez@example.com;280-673-8890;8c326773-a5c0-8c2c-4abf-92f5ba62dedc;23.225.125.20
brandon01@example.net;7262054959;54416ed8-f708-de90-bbd5-fe83ec110a41;172.131.241.106
lindseyapril@example.net;+1-845-628-2078;cc4e9d90-01f2-a252-d0d5-97cedb3e919d;2.69.38.199
fmcclain@example.org;623-738-7443;6d2bc571-29bd-9301-4729-6f4038f57270;184.162.226.114
salazarcourtney@example.com;443-758-1147;66a1874b-cc11-68b0-f6c9-13eeb41dd568;149.62.203.55
donald00@example.org;+1-393-707-8764x462;d1a6d87d-0e34-a10c-c291-f80b537558bd;186.132.3.147
georgeandrew@example.com;001-674-892-3605x5119;84056a4d-0559-91e1-2218-5266f1242c15;220.24.211.155
baileyshelby@example.org;(619)770-1207x4104;b9dfb00c-9e23-eb46-88b1-646fe74d57ca;141.220.236.43
zachary77@example.net;001-225-822-9119;166b3678-f69f-55d1-438b-5d074fd9ebba;17.23.255.143
nguyenjamie@example.com;724-364-0103x4776;681951f8-22a9-6300-3f7c-171e46d87f5a;108.169.225.93
ethan51@example.net;+1-974-737-2205x850;c9fd19e5-442c-f1de-fc7e-5388bc2125c0;211.150.24.23
johnsonstacy@example.net;514.994.3409;e934d597-475f-626d-93b1-cb0950681789;55.166.143.112
heatherbrown@example.org;503.902.5769x809;5dc2158e-6c62-93eb-5c41-2de34d772a13;133.36.153.126
amber33@example.com;+1-444-629-7429;902f13cc-8631-80ed-0f61-d45b0d06a1af;218.90.69.4
jamesduran@example.net;+1-436-671-1084x8023;4f7aa406-166b-d113-f85f-0c6664171e06;20.4.55.18
reedrichard@example.com;+1-625-630-7174x2934;6792bf8d-22e5-629b-3378-bf60277dd1e3;57.225.23.57
ronniebell@example.org;552-932-5017;72526f1b-3897-9d7c-5f5c-3506aa5ff79f;129.200.41.46
turnercrystal@example.net;305-823-0828x04342;7f6be024-afbc-d084-4a94-e0f3b02b53c8;12.43.26.100
jessica92@example.com;222-969-7986x92083;f64e75fc-3430-fd5c-cb8e-9f6777359d36;64.69.179.244
juanday@example.com;485-463-4126x66218;28b9915c-6187-f92c-7bbd-cb907266dfd6;208.234.16.55
weissmelissa@example.net;+1-849-957-3551x1526;4edbd7e5-43fa-af5b-e357-59162144ffaf;165.197.74.36
christopher34@example.com;(927)329-8509x38578;76833273-a350-f1bb-09dc-6a68881fed78;218.7.79.88
ihoward@example.net;7194164255;ada9bc8e-929f-6635-a88d-59c96fd3bcea;216.30.102.67
powersjason@example.org;(599)528-6763x7045;213df416-cfae-8071-80bd-2c0cc6a91d01;103.88.252.234
mario18@example.com;001-620-353-7472x8827;74e9c328-010d-abbb-3f4d-088117c221ab;217.251.221.231
lauramoore@example.net;713-527-0584x449;a493baf2-d0a0-56e6-2704-3d07a576781a;205.6.19.146
sandersbrandon@example.net;229.802.5690x540;84296dcf-054d-a855-842c-93bcf65a9715;155.147.154.246
jamesnewton@example.net;594.432.1842;01df618a-9054-dc30-be1e-472489b7ecbf;223.247.251.119
james79@example.org;(492)964-9950x410;a315d37e-1fd3-67cf-a443-f3d3933718d8;207.138.109.166
caitlin03@example.com;+1-769-218-9026;5c423bf6-a5d5-dc7c-8016-bf593d5a1716;177.9.15.12
wanda64@example.com;3196690301;5c4837db-1b79-9704-f9a9-43f373a0c89b;111.229.230.231
luis03@example.net;676.780.7201x431;ec26711c-79da-e9ed-eb9e-2d8a9a0577b8;208.213.10.205
edelgado@example.com;980.934.9334;8dd1fa68-6f60-2369-63ad-8d6c70bbc2f2;211.228.162.57
rboyer@example.com;279-794-6086x80214;6ae4622d-8b9b-bb78-3253-e3c37e986dea;216.26.167.190
snyderwilliam@example.org;667-607-0569x100;cc0fd337-6901-43fe-cc71-396806c3bedd;211.83.195.157
fisherlauren@example.com;+1-257-554-7419x01118;dbbbd911-898b-a1bb-e6de-ed28d0d01e31;201.119.54.40
jorgecervantes@example.org;001-932-471-7620x83347;6eb8e902-07af-fafb-c092-68c62d695ebe;93.82.1.31
ycervantes@example.org;754-439-1117x18773;829c5a37-955b-20e6-fe71-9206dc740fbd;61.153.179.176
bbolton@example.net;539-647-1210;36a1bd8d-3100-52fb-03f7-e76bdb6a35e7;195.145.218.21
staffordleah@example.net;451-693-4752x3432;eb448296-1048-1b2a-6283-fbb3f982ab10;149.56.229.38
christopheralexander@example.org;(665)557-1617;0e7d1d15-86dd-c5dc-58c1-510d271f5582;85.235.52.104
robertcontreras@example.com;(433)269-4312x1484;d1966c7b-16db-6455-ed96-211dfbe1e19e;166.126.107.148
kingadrian@example.org;+1-985-472-4997x2150;c71cba95-71a8-8912-63fa-cd5eb56be730;25.245.15.5
ysullivan@example.com;387-823-0297x0820;4a9a4bf4-2441-6774-13cc-2c2ac4d03a8c;136.139.100.25
jefferyortiz@example.org;(682)710-4529x772;28f32a1e-7bf0-1b8a-e836-408a98abd778;104.47.209.159
abarber@example.com;(464)747-3883;959d8744-3559-e2fd-f445-6898df41a0d6;197.208.222.87
hartcindy@example.net;(794)973-0768x5249;3455a946-a853-655d-5946-46b26e537cbb;42.1.87.130
smithaaron@example.org;(253)473-7277;16291394-85cb-bc8d-e071-a5db56eecebe;216.207.25.20
mary96@example.com;4359797045;5bd42af7-5969-f8d8-e25a-0d4c9a81f3ff;76.191.60.237
kristen55@example.org;688.580.1767x1873;007d8274-7cfb-0219-c86b-0b06bdf5c02d;105.3.28.175
oholland@example.com;+1-540-547-2570x744;94ee39bf-a431-db39-4ba9-3c058dfbda18;1.37.108.58
shanethornton@example.com;973-865-3734x87381;db8292bc-41e1-23f7-b9a9-c7a57694a23f;213.18.9.36
rachel59@example.org;509.832.0891x1768;6749a6aa-a5e9-1034-d2bc-ceb26d5c3b2f;207.105.156.120
jessicahall@example.org;(229)398-0061;3a6338c6-e671-e69a-5c61-e9f616be50a8;216.64.118.162
hendrickscrystal@example.net;596-445-3862;f18da020-7992-879d-690f-9739bb82503b;166.233.19.45
millersandra@example.com;+1-416-988-8500x304;23042a81-0420-f543-bc4a-8785b7350ad9;155.250.157.112
jeremy34@example.org;567-929-3511x664;544c94dd-f44b-92d4-ad8d-143e13a9e0bf;42.203.47.140
alexandra27@example.net;994.950.6442x73986;b19a7631-8c33-538e-825e-c8f8d16e4757;201.141.165.12
justin20@example.org;+1-638-927-2474x3620;8e1330ac-eb1e-6eef-4fd1-47f632dfbf56;215.56.254.246
randall69@example.com;202.918.2427x5184;7e4db855-3e41-6e38-6505-8b6aa4d7b78c;129.247.121.172
yphillips@example.org;001-211-823-6945x5539;8eab556b-79bf-fdf9-cb72-5650e3366c28;219.41.47.220
kimberly88@example.com;001-226-529-7065x3149;c98274e2-46ea-647c-10c9-ef0d93365701;217.48.93.8
allenelizabeth@example.com;950.931.4216x87622;3094e697-8541-dd79-7c75-25f3f5c3a769;58.50.144.5
campbellryan@example.net;9944450263;fee91ba2-56fd-4109-0732-182b21c79fca;153.221.43.71
anne94@example.org;+1-848-688-9051x684;997ea236-3bd5-12b0-58c6-4265b9078803;184.221.167.47
blackmark@example.net;+1-580-938-0062x4554;a07e9031-ee0a-6fc9-aec1-0417a4fcae22;41.99.245.93
tracy68@example.com;001-930-656-9057;6624ca07-2d82-98ad-b06c-4aa3bc2537eb;15.191.228.33
robertmiller@example.com;288-661-1384x02809;51773fb4-fc6c-cb3c-9e0b-a02791287d22;207.97.33.28
thompsontimothy@example.org;792.842.2979x706;04e7f8ce-3925-4ecf-4e6f-07730c362154;58.204.220.84
rowemallory@example.com;553-919-3316x5653;9feb96f3-a1bf-537a-9268-8d6526a73dea;205.9.76.29
hgarza@example.net;001-505-306-5215x963;f97b9c41-ca2c-bd2b-360c-c97aaa424553;138.65.165.226
kimberly40@example.com;646.694.5166;2252f90e-8cf4-d518-25e4-418cd31c7adf;200.247.44.250
richardmaxwell@example.org;+1-557-371-3446x812;a43664a7-6e15-411d-9c3d-2817972573bd;142.15.209.129
ctaylor@example.com;+1-744-712-9460x806;40ffcf15-e2d2-f8f4-20ee-220d9f06bbdf;101.246.11.111
acevedojuan@example.org;+1-343-496-9201x597;79d32f66-85ca-c10d-b9f2-04f5aba0cc90;186.109.191.37
rscott@example.org;490-783-1654x491;d1544ddb-79a8-535d-2ae0-a57c5472ec37;208.128.254.13
joneschristian@example.org;929.419.2130x942;e96223e9-eef6-faaa-97a7-7fb38060403d;197.64.76.255
amandarobinson@example.net;370-626-0761;d6f7357d-8113-3b2e-c614-048ccfed556b;194.133.6.40
gwang@example.com;379-923-1575x93601;1af616be-a14f-14fa-4190-615bf247842d;217.220.149.80
rogersandrew@example.org;(233)981-2558x615;8eb4f217-eba5-c38d-aac7-42e1bdee85da;190.85.198.110
pford@example.org;861.677.0941x574;41b33f50-6764-3402-e6d3-4554d8235cd2;82.63.85.114
spayne@example.com;+1-692-419-3795x8833;84e60d13-0e99-6fb2-e869-17db555878c5;206.115.249.170
melody39@example.net;001-375-547-9784;7301db11-310b-bff5-5a00-fbe0580529fb;61.30.149.232
jacksoncynthia@example.org;(397)223-6695;015270b1-e3b4-9a87-aaf2-b8d1c23d9cf6;185.43.37.12
moniquearmstrong@example.org;787.896.6110;a65f9709-48d1-505b-e06c-6f2eee5d7df3;188.66.86.230
herreraderek@example.com;444-318-9188;cf73b13a-c0d7-85cd-7133-ce919df3266f;103.62.112.213
dianapeterson@example.com;+1-830-704-8457x7556;030911e0-96fb-fc78-4b6e-5bdce0bd3eb5;207.220.200.135
emendoza@example.org;8436960864;d2b665b6-9804-ba91-8163-11f82a672e8f;192.205.92.138
holly32@example.net;001-366-813-5424x17172;d7f7a587-db65-a266-2884-3bada22e3a90;87.67.165.24
isabella48@example.org;393.889.9651x268;fac4b94b-99e9-4697-f28d-a6041d0230f7;222.178.109.55
matthewjordan@example.net;925.970.6739;7dfdc3a7-8e59-13ef-64b0-db4b75186919;180.170.144.153
kennethsims@example.com;+1-954-425-8723x68409;4af9b7a7-4abd-156b-cc92-5b5d48584fe1;204.71.178.69
contrerasjames@example.net;(973)585-5087x3646;ed73425a-dbd1-1d6c-1e66-109fb9694a0a;118.101.96.8
david78@example.org;926.728.6512;545d9953-b10a-bf30-6de4-e4613eba2f5d;210.243.41.95
fford@example.net;(265)620-1707x13863;73964f38-dc1c-7f59-9689-d17208389532;207.248.87.165
karicarson@example.net;274.306.2771x35854;7f5f7e70-f874-1362-508a-aca49adcd142;11.189.87.64
reginaberry@example.net;(750)907-6991x134;113a98aa-07dd-8246-af64-0fef1a4c4fb2;192.223.36.245
robinsonmaria@example.com;319-783-6792;f61cbe81-1ebc-66b1-6d7d-5b4bf4132ad1;206.128.154.64
paula06@example.org;972.239.0976x3404;0096d966-71de-789f-a4cf-d6554f278ca8;84.219.115.240
castrojack@example.com;6589476874;0bc09555-8ccc-cf54-6b61-ef5ee04d8b20;149.10.49.253
arroyologan@example.com;001-956-826-5798x171;9d4a242d-8cbe-729a-11d2-1d0ac777e654;30.106.100.59
alyssa77@example.net;001-745-902-0736x62011;c39b6d58-74fe-e98a-4e52-ffffa309e040;46.80.118.171
xmiller@example.com;+1-228-901-0353x7660;89737629-1da9-ab75-0482-4db79b08fad4;178.187.164.148
melissayoung@example.org;929.295.1463;f9f1862c-1083-296d-9e9a-cd295ac5bd60;130.163.112.186
sullivanbrandon@example.net;679-665-3703;0e72b89f-a044-b9e6-3443-ff47afacbe28;172.211.171.254
andrea58@example.net;262-371-5964;b615f033-7a95-376a-207a-4d91446c2382;161.102.194.57
espinozarobert@example.com;+1-416-779-6471x8034;f0948110-8a05-0ff1-e00d-2d29962e421f;208.194.221.195
sharonmayo@example.org;(229)476-7294x629;fa3d7ce6-be2b-f8ff-5d08-8d9318076d97;215.255.35.187
ksantiago@example.net;443-608-4250x636;432694d1-5f38-fd0c-6046-29cfa1eddad5;54.135.183.22
robertmontgomery@example.net;+1-838-423-1656x82066;1f406e74-ddc0-4db3-e72d-48badb2fc1fd;202.27.208.27
zamoraerik@example.org;+1-913-637-4978x13708;eb69524c-ba0c-75b6-dbdc-c1b66bf5361d;70.164.116.127
jamesjason@example.com;(826)977-1431x377;540cdfc3-0eb2-9f1f-0a3b-d577630dabca;160.146.123.7
kandrade@example.com;358-641-5721x370;cf83e499-fde6-3516-ce45-ac03f7317f47;155.22.58.83
chapmandonald@example.org;504-548-2760x955;3522c0fd-a4fd-d379-6087-b06343dcbccc;1.204.249.187
martinezkaren@example.com;(303)290-1412x704;87d3cfb1-ce8f-8db8-16cf-146bbd5549b1;115.186.212.74
kristina94@example.org;(645)630-1448;1f30f7b9-f0c7-16d2-7559-c6a132c6126a;147.176.144.138
stephaniemartin@example.org;(371)889-2610;fa953a5a-abf8-75d7-13c4-199ddad508f3;215.123.135.240
hernandezkelly@example.net;(689)319-6765;284be1db-99bd-7642-d2f9-7f296f62d90c;154.15.40.246
craigprice@example.org;811.614.8551;f7bda45f-b381-f055-56cb-ab1725805e65;98.121.119.232
yjackson@example.org;932.930.1097x043;07d37d4e-53f2-e706-a804-dacbe8db84ee;54.246.207.52
vaughnchristopher@example.net;(572)463-9134x203;433d078e-13bb-8154-5a3f-22005d17c9c7;202.23.138.159
tgallagher@example.net;+1-468-521-4749x3123;0f12563b-2a27-9438-6253-e5a0e5caaf6b;207.204.41.6
nielsentyler@example.org;8726524765;e0f018bb-b5a6-071a-b2f7-6dc35f856073;181.35.149.255
comptonkrista@example.org;308.285.4381x995;d25737fe-f39f-d1e5-9a90-a179e1f65b2a;203.127.83.47
webbjoshua@example.com;6429741078;0e6fe2a1-94d7-0772-7f2d-b8260739b533;167.123.183.158
mdillon@example.com;588.874.6881;1455af66-2c89-191a-befc-9e771650cb21;138.61.237.159
johnnygarcia@example.org;+1-227-599-1141x286;aba23eae-f50d-7890-11ea-57ae819cbf06;158.182.154.23
dicksonluis@example.com;763.391.8849x2967;1b6354cb-a44d-b09f-1bf0-70bf6ea83285;202.11.39.35
shannoncarey@example.com;(666)615-9476;b205a937-e25a-6000-bd2f-b237e0aec3c1;170.64.170.11
martintristan@example.com;271-428-3331x6488;feccc102-9c83-5922-44ce-9bb1e77b8c9c;146.44.240.12
patrickwatson@example.net;001-206-826-8078;deab63cf-9a32-54f8-faff-ff26154c41c5;121.56.115.68
barbara59@example.net;902.651.2335x710;2d3966a7-5154-f595-7089-6efe592328b0;67.134.9.232
robertstephens@example.org;001-276-888-6146;382226ba-5de6-22e8-9f36-34cabaa40e83;193.177.212.221
jordanjessica@example.com;293.262.2356;73c97670-5f13-1862-2208-3268de62a6d3;153.233.43.41
brian78@example.com;807-317-4369;e42d318a-7461-31f5-463c-1485cab817a8;197.239.207.223
rlarson@example.org;(773)546-4793x7260;6436689f-e5b5-9014-ecde-7e7b531f2301;94.243.19.85
wilkinseric@example.org;976-697-3525x744;8d37ec3e-b809-a4a3-b1cf-bf74d29d5746;164.94.206.202
oliverdominique@example.net;001-928-559-5900x781;79875fb6-3444-9a89-916a-635685c060e7;103.151.161.229
julieanderson@example.org;+1-227-678-3440x16908;affd28f4-4119-807e-57b3-a6687bcfa6da;171.13.44.208
ykline@example.com;(486)378-4713x8207;e54d2faf-92e8-6de4-9f70-95c6b282ec24;207.203.210.10
jaredknight@example.net;001-942-316-2867;23853cf6-22b3-58c8-6407-caa7d5047832;201.244.18.147
jessica84@example.org;001-877-891-2000x1712;0a074375-d492-b610-954f-a8d1a3a9e004;124.199.49.3
kristen32@example.org;001-487-770-6602x79849;0121fe32-9fa8-6d81-0d52-a71119e7e58f;172.58.183.81
jordanthompson@example.org;001-481-698-7410;88106b8e-ae83-4d19-0a04-227f90976a32;76.244.193.100
acarrillo@example.net;001-846-762-6881x4853;0542bb06-c595-fc65-112c-8cd671c13cb2;145.137.22.70
jeremiahoneill@example.org;883.290.9011x00266;f79305d6-e22d-6baa-2448-fcd05f47e348;200.87.91.190
boydchristine@example.net;(347)444-1981x491;30b98643-1a4d-0ac6-446e-be81b8244b70;207.126.185.217
shawmichael@example.com;574-806-1760x64120;d913a25a-3966-d672-3929-9800d8e4958b;182.33.97.5
elizabeth80@example.com;(544)907-6921x2224;1a7af519-9f73-e20e-03aa-714a38d8bb77;218.138.134.56
uchoi@example.net;001-943-481-1370x9008;fce78283-f931-365f-c417-9263ba347392;185.118.29.123
brendalong@example.com;001-555-616-6438;07644313-65a2-41ad-996e-155287dff167;208.78.85.179
michelleadkins@example.org;(672)461-3888;bb5d378a-0742-633a-b84c-4b7a98d36416;220.239.156.101
manuel45@example.org;001-269-457-3448x3337;4ca09cf4-13d7-be8b-093e-f55364235862;148.25.162.67
john52@example.net;(877)972-4589;f065a0b6-2faf-3faa-149d-b8bbd459d8eb;40.205.143.21
brendarussell@example.org;9392136020;54a7749a-01a1-ab8d-9565-4a7136d600f3;179.58.217.159
michaelchavez@example.org;948-526-8504x328;2a6d95a2-1fc6-6606-ccec-db62af79203b;112.185.165.28
fernando33@example.org;896-649-7413x9237;c5e814f4-2b4e-28d1-48e1-8e5764ac16cd;104.102.76.251
petersonanthony@example.com;(586)681-5928x515;dce94d86-6222-5fad-f536-2e761f0f6e79;204.18.107.166
qbarber@example.org;+1-263-464-1598x67266;72bcbb7a-f6b4-fd9c-0682-fd229fbf2882;196.41.214.57
cristina97@example.com;8189493937;bcfde858-ea22-659f-9ca9-107142eb9ebb;157.129.250.209
spencertravis@example.org;+1-937-849-6318x378;aaa8961a-9b6c-c033-4094-f94248f62bbb;39.165.115.224
tfields@example.org;394-639-1719;9e396501-932d-7a0a-c353-d22653a5c926;78.2.137.205
joseph62@example.org;(676)868-1948x087;033253fb-bc74-1676-ce06-f36191386f13;111.216.177.70
dreyes@example.com;001-240-864-0278;25316bef-f283-995e-c715-eaad44369186;134.232.36.117
bennettrebecca@example.org;865-299-0446x642;8edcb16e-7274-d24a-bd89-204e75260e0c;69.143.33.22
brittanymiller@example.net;(670)343-2391;d3952a24-9ee6-3408-b612-12a5209278f1;176.203.75.52
guzmaneric@example.net;790.906.9103x294;6ffe3b06-6d4a-0dc2-f118-109324554c46;148.16.58.156
fraziersarah@example.org;535.981.3662x127;731c97ed-8cb4-c2cc-4c1b-4d105371e0f6;67.245.82.160
taylorshaw@example.org;(511)250-5669x61333;b1c588fe-ba33-bcd9-14d1-2e64ccd68171;123.7.110.175
gregory94@example.com;369.953.7951x35772;a3172ac6-1c47-ed5c-1f9a-031f14c2590b;81.246.145.138
susansimmons@example.net;752.986.9120x102;c547b23a-7447-f1f9-d8b9-084f0baae3b4;200.160.176.6
imorris@example.net;001-355-606-7398;9de80f60-da5b-8739-f59f-5a458aeab9d9;15.53.181.201
sanfordrickey@example.org;(478)493-3448x836;be8412af-68c6-76e6-5380-2d58462fb992;7.253.136.129
guerrachristopher@example.net;001-353-802-5331x599;90c1c143-589c-4f50-dde6-b6a30a7d5dad;205.91.235.176
zgreen@example.org;(448)808-3768x7381;8d4ae19f-6c52-94cb-974f-fb0991d392ae;187.184.13.19
marianichols@example.net;+1-758-568-1696;df556b21-3e58-c925-5823-c06d76b584db;152.8.100.178
hollandchad@example.com;+1-484-508-8495x936;f9c82d08-4786-121d-0f5f-0cd53beddead;16.213.69.121
longalyssa@example.com;472.400.8613x8716;cea97f7d-c640-67db-512f-f2660caa8d85;140.90.147.151
juliefuentes@example.org;(936)730-4494x969;5061eafe-1126-19dd-df63-8c39564e487b;198.149.102.255
kylecoleman@example.com;375-442-6260x15238;7c35ea6d-bbea-3831-406f-00a4ecb950bb;156.208.182.123
brittanyleon@example.com;303.440.5695x2016;3cf3e3fc-3bc9-4e84-4410-a90efac23947;176.80.179.54
brandonshea@example.net;001-389-306-7954;ee62a68f-d7e9-352d-a771-0e95bf86fbc7;53.171.15.112
matthewstone@example.com;001-218-291-1036;85bbf2f1-768b-a0ae-1a4a-6dbee555f8e1;177.103.30.166
virginia57@example.net;001-506-895-5290x359;faefbbd1-1ab6-02bd-9b48-b649261f4306;202.125.39.239
kelleyellen@example.org;+1-475-339-8490x384;c47b4cbb-5634-ef37-59eb-42f736406580;85.77.192.100
hilljacob@example.org;001-718-844-1670x615;53cdae2b-bae2-f507-9650-d1a7f0e7c530;65.116.71.0
handerson@example.org;(528)546-8268;fe5afee3-e1a4-658f-3e59-9f0fe6248917;122.240.55.13
harrisamanda@example.org;001-823-751-1249;d5216c9c-847c-4706-f5e4-26e7aa19811d;208.159.86.139
brendan15@example.com;830.580.1850x7312;9f2a38c0-ac31-0989-e42b-fd255788042e;207.99.142.214
douglas41@example.org;001-924-497-0806x621;0cc07e92-2ecf-2030-49f0-e7a72dc486cb;216.180.79.47
lisabailey@example.com;771.349.7950x6289;616c7454-0ac2-c097-26b4-79d5d3f81240;90.252.94.229
xmedina@example.net;713-482-0083x069;79c1da71-3075-e900-a693-47dacfb5135f;194.82.255.168
harrismolly@example.net;(426)576-2389x8309;c7178f36-f831-46ba-99e9-b16182c94c7f;41.132.205.116
miguelyoder@example.com;001-486-988-5634;1f1d7f1e-6ec6-7853-f5c6-17fd8559d367;146.32.227.65
russellcombs@example.net;(499)927-7153x2912;eb6d1b48-0db0-81e7-63b3-0f961d551958;105.53.159.169
juanwu@example.org;486-227-6650x531;8ca4b0a1-c6a5-13dd-94b3-a2df57ee5adc;47.88.251.213
kent73@example.org;293-401-2294x02912;90df7a99-fdb1-b27a-b9c6-936353cf26a4;130.163.139.137
saradavis@example.org;(525)621-5860x620;72645e0b-ac96-44d5-cf72-dc981d596f5c;155.98.43.23
katrinaflores@example.org;924.278.4805x1731;2b04c507-baf1-8bfd-e5cf-76477252cae7;176.25.179.120
ramirezrichard@example.net;443-266-2062x282;59c9e718-f2c3-74cf-eb76-bc057f08e30f;212.73.208.115
pattersoncheryl@example.org;659.366.8234;4cacc262-5850-7d62-22ef-5e79119f3a23;223.58.198.167
ohernandez@example.com;320-400-9535;6a27d383-a0ad-cee9-ef29-35723b943b46;20.54.18.80
marcjones@example.net;+1-226-546-6443x7956;4eff6d0a-36e9-3f1f-66bb-50fcd8ed3264;132.224.153.194
cannonjohn@example.net;588.931.6527;0c3ca7c7-c434-ff58-8f34-41cdf00cc585;12.63.175.99
beth49@example.net;(510)978-0521;8e3030f5-646b-c1ab-5677-bd4ea1eb6151;71.240.174.155
brendahood@example.net;(483)348-4461x18404;36da486f-2f83-f360-13d1-b7b07ba36e55;178.10.70.225
scottpalmer@example.com;(932)822-8696;77c5d90d-3692-e4c2-6dee-f65ce787d8bd;196.17.188.102
april56@example.com;433.959.6466x205;a192254b-83d1-7cba-28c8-054d2ad1d885;173.85.75.157
amyjohnson@example.net;407.807.9091x2352;45e26c14-e551-6578-2c5d-0101f922ea2d;221.216.115.74
yjones@example.com;597-806-0994x9168;804d65a4-6e1d-abc2-2e9a-0381e9e25fb6;48.5.0.53
wolfemichael@example.com;(607)882-0130;186e66dc-26c6-492f-6105-3054ae41fced;101.73.147.206
petersonsarah@example.com;+1-844-782-5190x4842;dd6a7bd9-d27f-2a77-4c4c-0d6ba4de688c;169.3.103.2
phillip21@example.com;001-339-342-4903;40ce9496-b639-2d9d-a5d3-25e8a1cf3b0f;221.52.150.161
rickymcguire@example.net;(351)665-1365x37153;13825951-9345-99c9-d3e2-4afba12d1d3e;189.213.32.228
ashley46@example.org;654.359.3822x38502;99d3acc2-543e-5e32-1cb0-b37797ee5cc3;186.101.163.185
hicksallen@example.org;792.998.4949x847;ec0357ce-ca56-39fb-4067-9a4967cffb93;221.68.149.109
marymcintyre@example.org;891-896-6439;fa30504f-f633-199b-a5b9-7125a7269dd9;195.39.115.197
noahjenkins@example.com;296-875-5526x73865;2f466c91-19f1-ce03-b814-68e38a334adf;212.104.201.4
nathansalas@example.org;619.340.9976x49893;15ee4533-72aa-d5e7-c12a-e8bc136302e7;209.34.87.4
sanderszachary@example.com;(219)918-5578;e5ea5d4d-b78e-43a9-fb81-37af739bfc6b;196.23.243.129
onguyen@example.net;812-305-0440x589;2bd92f7b-ee63-d9de-c7f2-df0503c8227c;151.254.195.225
maria28@example.net;+1-293-563-4676x67490;d5d7f7ff-3176-aa89-0d42-06c447c4d278;197.79.237.124
kaylaalvarez@example.net;+1-389-370-8432x088;0c22a7c0-d7ed-acaa-cbee-0597cfdbb901;165.109.191.31
nataliejones@example.com;+1-486-384-1400x88545;8993aad8-fe80-6ddb-8b5b-6edafc352586;169.83.228.77
gdavis@example.com;001-266-820-3632x2970;3a1859c0-c599-7ce7-fc52-1293cf844f2c;99.204.113.246
william06@example.net;234.867.9157x9569;9da38f80-f356-4cad-8d79-94e6d822be67;188.32.177.1
nelsonchristopher@example.org;(222)620-6588x00706;8ddc79ed-7384-e057-52b3-c767383cf23a;182.146.46.106
zachary55@example.com;8494047635;c6de0f4f-b192-9c57-7127-ac1f3c093419;4.229.178.117
qcarroll@example.net;8924496360;e1423717-a6a7-cd22-455c-45facf68571b;19.76.10.76
yhill@example.net;(234)852-5291x915;5426c7e8-4a19-71de-3d13-8e6172523e74;8.213.116.69
angela36@example.org;564-211-3046x037;bc576e9e-1939-63b0-c76e-e1c3eac4f732;194.255.198.243
marcuspotter@example.com;526.695.5417x7863;ae085a20-a1a2-90fb-57d8-9d2f668d1be9;223.39.248.234
cwilliams@example.net;515.550.4750;ffdde669-3ed6-0597-711a-9954a9b57d24;201.124.31.52
lkane@example.com;549.637.1773;31a18abc-d6dd-a67f-d1ee-a703e6becc77;215.107.29.190
jeffreyperry@example.net;3038847146;0cd196dc-e2ea-8549-5dba-22e6368054e7;51.167.255.164
robertbrady@example.net;(312)257-8569x213;e25fed71-88e5-257a-ae63-34fc9588d1fa;184.124.88.121
uvincent@example.org;001-779-439-2949;d6f37888-0c89-3971-b7bf-9fc70442ebdf;123.204.140.231
debra15@example.com;+1-738-373-0713x9841;4c7593d0-0425-5d5b-d1d2-4006263910f4;110.7.161.39
schroedertrevor@example.com;+1-329-980-1979;c43c3664-698d-d479-7b13-3dbbdca04487;194.66.159.32
ihowell@example.com;(207)636-3471;c8d3b092-8501-efc9-2a46-905a27ba2cf3;114.186.3.163
elizabethwallace@example.net;367-838-6032;0ecd8d54-55fd-0b27-f5ff-9687f4b56965;22.47.223.136
shorton@example.org;+1-626-377-3842x4577;d87121b4-bc38-2074-2aec-8441b26f9a72;100.227.150.189
perezmargaret@example.net;(571)938-0365x9975;0fd88f73-83d4-e878-0d50-e6823c19c8ac;158.33.111.118
jgalloway@example.com;(770)355-7400;6e85328f-cf4b-95cc-9e11-db62d16b7265;144.52.61.178
samanthaharrington@example.org;+1-852-936-4086x904;b764de32-76eb-8495-e135-b01beee937f6;171.138.145.220
brownchristopher@example.org;(563)778-9617x04635;30bc99b6-5c78-d121-b7c8-2805c12f4284;95.108.150.19
sandrathomas@example.net;001-569-536-7421x6287;f8c7a9ae-521d-1239-8dea-31aff420b3ad;140.231.69.31
vduke@example.net;(779)403-9695x982;03946537-f154-f555-4585-cd5430fc3450;176.228.125.94
fday@example.net;+1-906-698-9564x09566;7a40107e-ebed-3ec1-f69b-b38302c8a308;199.222.236.123
fernandezlisa@example.com;001-426-706-4954x94008;a8b21ced-7d55-7aef-039f-38a1b15bd663;207.240.27.182
katelynmorgan@example.net;(214)738-6338;6dd813b1-0f94-47ce-5107-d6289ed0c3c8;211.80.255.92
charlesking@example.com;+1-749-679-5581x74762;a94495e6-a491-7646-a3f1-6973c04b71d2;144.70.231.145
cwood@example.net;276.420.6164;fe06be8a-7276-bed5-c174-8b0e35120151;141.207.239.209
smithannette@example.net;001-573-598-4503x33582;f8fa6f32-76ec-1dd2-e692-c5f2b8fb8733;88.172.147.122
ghoward@example.net;(211)920-9472;6617b8c0-e945-5c50-8bbf-5fd920265b0d;133.24.188.116
lorirussell@example.org;(856)851-6670x3087;47ca8afd-45c4-11d7-1b87-82b9c1fc0d10;119.39.13.30
twright@example.com;(528)544-5340x40214;6419d2fa-6f10-19d1-1d47-a3324cfd5697;147.242.161.139
turnerdustin@example.net;(623)290-1703x64969;6e58456f-1d16-2f84-4a17-766b8df8f10d;104.214.174.181
rebekah09@example.com;+1-247-655-9047x864;ef408e58-bd49-9354-8d16-af27d84d0ca9;143.24.61.206
jonesdonald@example.net;235-911-8514x60016;49d74bee-3e9b-9567-3a4a-356953253261;139.31.125.52
katherinepalmer@example.net;453.258.3664;ca71213a-efa3-f7c7-b3c9-51fb32b47c05;13.32.44.89
erik74@example.net;001-836-587-0857x52696;381189b8-dec2-8c1b-8ef1-c880ddfc769f;88.94.13.42
urusso@example.com;001-928-695-2457x153;85a779c9-a5db-5931-8d6c-52def61c3069;197.7.241.36
vicki46@example.com;907.637.5122x512;19aed7ad-8f0a-fb19-45f5-c3a7d65d6172;205.92.236.183
heatherwolf@example.org;364-471-8798x62963;c94b6467-b9de-ede7-55e6-b2e8f2b5b356;202.176.249.113
mgoodwin@example.net;(864)357-5745x91869;c7d845ec-4433-20e7-1efb-a9a451af4a11;210.26.141.71
lance45@example.net;385.463.3894;b7d9a845-fcf0-5547-4fc5-ec058c93fccc;208.18.218.123
esanchez@example.com;(729)254-3882x6747;7819f27f-2498-e491-0739-57c7b6ee12bb;36.47.232.122
christopher08@example.net;206-744-3085;74361769-d65b-6e2b-4402-fd21e5b1f9e8;4.213.125.119
wendy43@example.org;(849)358-2727x2323;54a76b38-d0ed-949a-749c-b86987fed7bc;154.5.153.175
kbaldwin@example.net;+1-357-544-9848x11976;e589e6a4-c880-49c1-bb6d-bbbddf98f46b;115.118.1.76
mcguiredaniel@example.com;+1-632-405-2538x9912;420ec7f3-4522-d0d6-8cdf-3badd7d23f14;192.21.89.189
jacksonsabrina@example.com;542-845-1275x55018;f74bc328-4778-9eac-da95-199c857e8315;201.13.197.225
salasgregory@example.com;294-797-0901x325;dd9bc303-1b70-94c5-2875-ad1bc79396bb;30.65.143.144
sbutler@example.net;(951)671-1325x404;b05c864f-1d08-2c63-a0f1-10b0670f4d44;44.20.218.108
justin23@example.net;(910)666-3673;dea5dd7f-5762-4f7a-2ff4-17dff92a97a6;223.252.62.155
andreachapman@example.org;+1-716-356-4458;91f130be-c1ab-60f7-02a7-f95be69a78d5;147.242.122.186
bramirez@example.org;698.855.8223;8c67e322-29d4-7ee8-31e0-b01db767021d;173.199.35.231
andrea26@example.net;204.620.1239;40c190fd-4809-c5e9-baef-110c3e1d504c;150.60.73.133
barbara95@example.net;7283816708;8e25d482-952e-20de-f836-4a4f1adfaca2;142.183.84.49
echandler@example.org;682.947.3926x53181;298cff73-ffe7-7eb5-4d8a-022fb5f39a4f;195.220.156.138
holmestracie@example.com;3585245424;09567154-96b2-2460-f18f-c5bc724fddd6;98.173.190.224
willie87@example.org;(840)402-3985;b08a258d-2bfd-44d6-472b-1135549659c8;142.12.255.34
brett71@example.org;(308)344-9620;1fdb3d53-ee86-e28f-8b21-b2f46b7def7d;80.71.210.85
ethan83@example.net;001-442-671-9402x2516;5dc8b83e-93c7-74d8-01e2-c274abfc3d30;14.234.221.150
rogerssusan@example.com;2755857711;4f9b8a4a-d807-e2ab-2f34-c227e6193c61;98.232.187.56
lesliegoodman@example.net;001-364-204-8789;297b5e10-d381-427a-680e-2262fb6b03c5;195.180.152.102
velasquezvincent@example.net;3862711476;803ceca4-dd8e-628b-cbf7-7d953e3b6001;141.50.252.99
xpreston@example.com;(737)566-7555x29109;bcdc7e6b-38db-204d-cb06-7e846eb3b49f;195.50.98.168
qpayne@example.net;001-247-218-6656;65e4b811-7bc0-31a3-f6d7-adb44088e711;156.155.193.0
phillipsspencer@example.com;424-564-0560x368;aca31764-23b7-f0ef-ec37-b0f6b1f39529;45.35.2.20
kingkelly@example.net;568.836.1504x03314;8c1534b5-5ff8-c175-7e71-39bb194b44d3;179.205.6.23
wbarber@example.net;931.608.0795x331;4e594394-350e-e4b2-198a-5f5407b3b30a;200.137.195.113
terrellscott@example.net;(298)409-2443x56451;a94d0e52-502a-a68f-9ef7-24fc9e0f833d;9.252.161.161
michelledominguez@example.net;565-952-7225x051;f0694791-1d9c-1131-31ab-8a474bc1e048;55.60.200.231
carrollcharles@example.com;(452)847-4400x6919;bc1d4f74-4ab3-8a20-ac5d-71c05a41093f;158.147.98.227
sarahhogan@example.net;(556)947-5061x4269;924f39ef-23ae-5f47-2e84-369ae254571a;205.90.67.117
craig62@example.org;+1-235-901-9144x1363;78789e6e-eb50-b1a3-cb9a-56a9e08b3675;21.43.30.220
robinsonelizabeth@example.net;278.255.5092x67207;1eb80f9c-a367-6304-7325-950a0f0da22b;50.111.26.37
hunterdiane@example.org;402.404.2396x760;1776fdb6-9127-39a1-7a91-698ccc2ec192;72.7.0.164
eunderwood@example.net;001-322-999-1435;a02d1bc7-bfec-5495-4e71-70c953b3ecb0;215.173.7.21
zsimon@example.com;8274364413;c5c14fe7-1d55-db73-37a2-3303a462ae63;180.72.238.56
yclark@example.net;338.786.4712x3296;7ad00349-58a0-104b-0141-d15b882a06fd;154.84.246.73
garrettthornton@example.net;001-473-463-8114x02187;6abe0e1f-7f07-9fdf-1aa9-a3e713bba472;201.109.121.72
bassbrandon@example.com;494-480-8655;7e3420ce-44bb-9e26-fb30-659277767725;3.67.24.153
nathaniel69@example.net;318.445.1524x8006;cfd7dab2-bf72-370d-ddfa-2327d4f7f55c;19.44.117.43
walkernicholas@example.org;(916)883-8500x1542;38bf8023-ea72-10d3-391d-ba0dd81ea72c;29.158.2.138
jeremyjohnson@example.org;786-829-4509x89369;fb06eaf0-0761-fc78-21a4-299a88449a7e;117.207.163.46
keith55@example.net;+1-575-949-3992;3039edaa-761d-173a-ef42-fd10cd409cb8;46.203.179.211
jasonsimpson@example.net;+1-771-236-9423;02d38a40-ff41-540d-e7d2-bd249318da04;180.219.164.71
baileyamanda@example.org;430.729.9448x864;cb2caf9d-988c-93bd-2249-5172bdcdf70e;130.10.56.27
zacharystephens@example.org;472.245.5585;c72f953c-4783-ffd5-bf30-646bc6c0d6c5;134.235.3.32
pjenkins@example.org;9902830940;1e547abf-324a-1370-9420-d220a453502b;50.74.143.231
ashleywilliams@example.org;+1-522-486-2825x981;80cf98b2-f7c6-4c14-1c4b-4e715a8cf3d3;200.103.148.6
johnhuerta@example.net;642.613.5546x019;b43ab771-3383-0f29-a178-5682dad661b4;152.235.73.206
carol32@example.org;001-810-657-6134x99362;0fcef3ea-02bf-2ca0-60a9-639e10dce75f;20.51.169.170
jonesjohn@example.com;486.529.7474x909;e6e3e43d-84cb-4169-554d-7f10ea8bd1f9;168.175.60.6
joshuamiller@example.com;631.605.5441;c8d5c1de-5d7f-a23b-c407-6c684236b2dd;218.35.178.56
cindyodom@example.com;832.803.7970x613;7d550c61-908a-32a7-f527-51fcd2182960;116.38.74.65
erodriguez@example.com;001-277-632-0263x668;98c9eff4-6131-1360-7476-1af2375e5e24;206.53.147.156
phamilton@example.org;001-595-726-4664;5e441046-e29d-8dbd-fabb-9bc1886bc2c0;136.241.198.97
rvance@example.com;692-416-7548;4572c11f-eebc-0c04-8096-94067cfc1d39;202.139.12.114
bsoto@example.org;257.918.7596x4650;40552a54-b7f0-c21c-92d7-55ff8432fb2c;139.217.140.4
znelson@example.net;+1-710-552-4795x52953;104146ce-24e9-8bdc-6fd0-700d1e086293;64.8.42.205
elizabethgonzales@example.org;+1-479-527-3808x84418;ede576c8-7fe0-68bc-fbc9-a7ae730cada5;18.121.247.148
cmartinez@example.net;+1-420-926-6345x5646;0a28eb81-5b9f-f3eb-a477-735b98841b6e;195.7.27.117
aespinoza@example.net;779-787-0795x185;949d8117-1c7f-e22a-5824-f31d92df9108;130.228.112.144
ashley42@example.org;+1-591-757-0480x4927;9d7a215a-2828-1dd9-6278-52f4f007f169;103.195.35.17
andremendoza@example.net;(979)517-1113x92423;ae5cc00c-99c1-b122-e127-27d2f99cc8f8;123.189.100.144
susanhorne@example.net;(484)717-7123;0dae1472-f50a-9486-181b-a62060f7715b;80.58.113.8
heathercole@example.net;614.321.6187;b4d48497-5caf-507a-cba9-c8e4914cddcd;204.14.123.144
obenjamin@example.org;396.833.3153x310;0756f90b-703a-d35d-2522-a34052e25ebc;207.78.30.151
wilsonashley@example.org;598.782.2277x540;4fe47f97-ec6a-31d7-9b63-546fbe1efd95;91.93.49.22
caitlincowan@example.org;+1-367-529-0884;f854492d-abc9-8e09-d65a-49d9a2711d1b;142.48.161.146
aelliott@example.net;348.871.2022x911;16024c89-f391-0656-130e-d499ef14161e;52.80.121.191
fleminglaura@example.org;(888)869-1992;dca71827-6f12-a08b-358b-7bac9a538d86;88.20.26.160
kariliu@example.com;(593)479-0413x9458;fc4c60e5-08e4-687b-0bd8-9ba17895465b;199.208.197.89
morganadams@example.org;427.555.0723x14780;20f9db4b-874a-efa4-8abc-b690a5eed542;27.102.131.7
harry60@example.net;(302)561-5838x9684;0b429d79-3180-310f-c4a3-fa95c3d085eb;156.123.184.215
colton32@example.org;9808280735;4b72ef70-09d9-1151-050e-cf01955d9623;92.162.168.115
nichole06@example.org;+1-641-989-4581x8596;038d66ad-f1cf-0e57-cc02-091da3c20d7e;191.241.83.78
tara75@example.org;+1-677-219-4985x702;ec2dee0e-5bd8-180a-04cc-edddf53a34d0;158.146.99.28
james38@example.com;+1-590-557-5103x69541;735093bc-de4f-15e2-c38d-a94c2f849604;194.42.134.235
hickmandavid@example.com;001-854-959-0993x28277;459ad8d5-f637-1289-866e-249cab92e4ad;215.95.190.54
joelbaker@example.net;+1-863-514-0335;d0017a01-5ed4-e548-c3f6-86b2224a683e;198.5.13.204
reginald39@example.org;926.618.9386;d7d1db0c-22be-a916-2589-f78dda47093f;191.108.32.161
vandrade@example.com;7213578167;005d289c-af49-2597-308b-e0d799cfad64;198.33.87.117
underwoodallison@example.org;(859)650-6439x7073;c9dd8e68-0d93-7e92-d149-1507e7d8f94d;140.59.194.227
rthompson@example.com;(905)661-5725;51d2b5f9-3562-d5dd-f8f4-bf854b7e00e8;99.5.33.159
lisa77@example.org;+1-526-354-9474x163;c0daf21a-0aeb-dda3-dfa4-89049218df5e;69.224.41.224
megan37@example.com;001-225-800-3889x22278;1b9fe452-72b0-b1dc-43be-5657e63565d0;202.194.193.13
veronica02@example.net;(799)961-3655x70345;b5c8c095-ff5c-4a00-c4a5-0c00721fb236;220.96.154.216
llowe@example.org;(581)575-0422x5842;412c20e8-83ca-db39-41dd-c0da3f7be4f3;114.4.77.220
mckenziebrooke@example.com;(557)947-9975;1c918ee9-3681-fc80-42aa-eecc4f5a94fd;33.84.70.68
pnorton@example.com;3379229219;d774f451-222d-8882-9bc8-d2ce23db5a20;168.79.144.207
donnawilliams@example.net;917-931-5489;0c3294ed-ad42-95e0-5066-431e6be81fd1;30.115.53.251
jessicajones@example.org;001-849-368-3448x289;48ee67f1-ef4e-9e60-0c94-40774ac1b97a;147.61.2.151
llopez@example.net;001-762-699-1651x21033;6c227e50-d1b6-602b-3358-700a9ae41ff7;84.26.170.123
lisaphelps@example.org;(424)674-9447x261;1dcfd264-85a3-a19c-fd1a-72fdb53fc898;56.228.48.180
gomezjesse@example.org;3348020418;b09f53e9-4d27-ea4d-1796-60fe0207b806;209.199.91.195
uburns@example.org;001-521-537-3275;c6196fc7-a775-8fce-f0ec-de16cc9e917f;130.72.53.46
davidneal@example.net;595.243.5808;9295648a-0906-d5a2-6794-5d3e2c80ea59;129.64.62.128
michaelholt@example.org;(484)423-7358;5752ff68-3294-eea8-690d-159161dbdc50;211.5.155.179
chad78@example.org;6564148334;a57f3700-d5a9-d0bb-8855-4d10c37d62eb;157.127.189.0
angela41@example.org;359-548-6596x936;2e6a9522-de67-e0ec-b38d-53e07e231e0f;219.235.152.17
mary68@example.org;(307)691-7390x616;0a0c1205-2777-12ca-b683-04304b322824;202.176.175.120
steven08@example.net;001-710-763-7892x227;aaff55e1-d760-9324-d112-f17d51e82975;170.229.173.20
awood@example.com;+1-675-557-5740x5144;f2e2a85f-70f0-505b-9fcc-434d055bc109;220.172.98.219
andradebarbara@example.net;966-680-7252;40156667-28d5-df95-c899-bf95cc065b6f;89.73.179.6
terri56@example.com;845-624-4671;509fdd97-0aad-547c-2b6a-27a23f21eb6e;64.110.159.68
sarahterry@example.net;+1-588-580-1145x5484;d6b5b669-735b-81f0-d565-ffe727c68a82;46.114.226.24
vhampton@example.net;785-547-9499x814;832247f0-8ef3-1b35-0976-4b2574f12b76;86.18.209.39
richardrobinson@example.net;001-987-421-1916x243;df91da1e-2a5e-f544-a071-50fe2108d84d;18.66.92.215
briggsgregory@example.net;(500)324-8333x948;8dd84be5-06a9-63af-cb11-f7641708efaa;11.50.203.117
grossjessica@example.net;781.202.2298x18622;494b420a-2cdd-bda1-71be-ed59d4c04c67;136.221.162.30
pamelakidd@example.net;(204)470-4552;beae30b3-fe10-17dc-78ce-cafc54c23e63;202.15.79.149
garynunez@example.com;(754)965-5515x6374;6d2d7a1b-abe5-587b-633e-6ffbd69cb71e;93.112.2.53
marymccoy@example.org;953.288.4997x4416;7c35ee8f-8742-0c49-21ff-6a8db77ff1b7;103.158.153.201
phernandez@example.net;843.669.6780x391;346dd832-a89a-0c3e-255c-c62ef1936f22;183.172.81.35
amy39@example.org;5836840575;c3d0c316-f4fd-e479-94fd-3796b62d926b;158.99.18.126
bgrant@example.com;5953889045;386c0890-8bba-ab21-45ab-208d5297dc0d;190.250.189.223
zbrown@example.net;(414)319-8473;88ec1ec9-8f84-4bad-1b98-612f5d0d8572;215.243.159.35
clivingston@example.net;+1-201-485-3049;b786473f-4d34-e625-a5c2-23d9bcb54bc4;157.109.78.241
edgar67@example.org;(425)456-9908x0677;f61e675f-78ad-6f01-350c-b15bd8927e54;157.190.12.192
alanlopez@example.org;548-633-4265x859;89c164f3-3761-fcd8-33e2-32294665dbbd;159.59.149.13
nicolepowers@example.com;001-848-280-7205;e5ba1add-ae26-29d5-7503-17b5c10929e1;168.209.35.146
lindsay07@example.org;+1-485-606-7255x7734;14d2d1c2-ccd4-cdc3-f428-b470b4f4b584;71.39.6.29
moorematthew@example.com;341.779.5144x09569;31e33478-fdf8-49e3-7bb7-43d065397b69;74.155.95.163
davidwaters@example.com;001-499-620-8394;c88f74a1-18d8-154c-26e8-8c8f15df8d84;20.51.20.129
peter53@example.net;001-585-799-6366x45144;a60b6873-efbf-3a35-e1a9-a0ae83e63a95;221.202.254.34
nrhodes@example.com;496-882-0866x078;84f87651-3b85-78ec-3971-fabc494e88bf;140.11.33.205
renee26@example.org;(245)303-9150x558;f49b80fe-6da7-82b5-ec1f-e039cd333247;198.201.234.254
john83@example.org;001-822-746-6059x43515;8a521b0f-48b0-3fe2-f657-a39ad47807a1;5.128.32.245
harriskevin@example.org;(897)449-9505x12907;184cb20e-8854-ba5d-cc2a-f7d01166dd25;12.238.39.23
macevedo@example.org;351-802-5014x7921;a5af4f80-3a7a-113a-1589-4f658c6a2a10;137.169.248.242
wlarsen@example.com;+1-740-522-3131x827;ea7a1163-4511-df63-7e92-e98ef0ab2c6a;180.223.86.59
gbush@example.com;001-724-847-7718;7541e9e2-06a0-e857-0096-1c291848d570;205.215.119.11
timothystrong@example.org;766.548.2951x03709;1b292193-24c9-b5ab-e83e-ff2ed946fafa;58.4.137.116
kdouglas@example.com;(211)741-0543;5589a70f-893f-0ec8-d42e-4cb71decf444;97.47.0.140
andreamack@example.com;(843)371-1777;2ea9f9ea-6376-d746-7f10-99ee16d96982;177.219.224.218
michelle20@example.com;341-530-7497x744;6f780e49-0127-e9c1-0153-baa0aa66f866;139.26.167.92
jennifer22@example.com;780.854.6156x49806;c1fafdf8-5b46-eae7-c8d2-04f76d508371;28.21.159.41
kcortez@example.com;401-487-3473;e677ba95-a305-4e54-dfab-879a2fbdbfb9;32.138.132.201
bradleygray@example.org;001-239-959-2239x58413;be2d873a-f914-cd97-2fbc-cc72301d0f1a;174.158.131.255
mcdonaldjerry@example.org;648-598-0162;f97b4557-9a6f-73b0-4adb-ea01f0d0a141;131.193.89.86
benjaminlittle@example.org;+1-327-238-5068x411;c31e708a-3781-7ccf-864e-ae9e2286bd15;187.131.28.223
erinpeters@example.net;386-525-8439;1121b4fc-63c2-ddd1-2c2a-f0225acae2b1;117.14.217.246
jamescarlos@example.org;978.681.7559;f25689a3-443e-d097-a4c9-8eef239db414;166.34.156.55
maldonadowilliam@example.net;(460)699-0005x498;df09bc62-f5f1-022a-047d-577fca26fbe9;142.11.162.45
trevor94@example.com;+1-784-939-7758;478e1359-aec8-4ab0-1cf1-625424baf835;74.24.163.11
aphillips@example.com;(722)395-8085;004ca38c-7936-429e-83e0-e982cbd6ed46;36.176.52.207
johnwilkerson@example.com;798.477.4771;2960190e-ff90-c15e-a632-555a1e9b77f5;163.208.94.239
griffintonya@example.org;+1-214-300-0190x6152;7ed495ad-4a6d-6658-1537-d0d59ad66bf4;206.174.216.31
greenethomas@example.org;702-888-6926x80321;a4300a64-46b6-d176-b646-8afbe6946069;148.156.139.61
jamesali@example.net;+1-916-861-0039x491;1267161f-a846-f887-9026-7da8274ce3d8;194.47.167.165
johngraham@example.net;457.422.2969x497;ff44a760-189b-e8e8-4a6e-540c89150576;100.166.95.196
ashley95@example.org;512.945.5178;2b3fb85f-fed4-ea28-ad75-fdc505ae884e;8.20.46.173
gregorykevin@example.com;+1-878-994-4418x64741;1e65cb57-e66c-4fd9-fff4-5dda926f7d13;16.125.187.231
emily93@example.org;001-867-771-5660x053;7e4446a1-122c-fb43-78d2-d599a1129311;169.100.210.242
qmcdonald@example.net;312-664-3130x963;26ccce60-7cd9-0ab3-fc78-277b918b2af1;134.158.197.186
dpierce@example.com;432.599.7790;cd1cd373-89c4-52d1-e22b-0ae04fef67fa;202.220.135.48
patricia94@example.org;001-779-261-1582x888;25449d9f-e714-149a-6541-c9a313d065c4;205.215.236.237
troylee@example.org;+1-647-352-6423x74670;1e32d3e4-ae59-2b9c-c0b0-5f94e2be11ff;39.33.194.200
marcmorgan@example.net;+1-593-855-9781x531;e81966ec-77b3-e8e7-9cdd-c394ef4961c9;196.2.223.47
kevinphillips@example.org;814-467-2349x409;2587582b-4548-ca14-612f-b3425962609e;60.129.118.147
michael19@example.org;(269)682-6749;62dbdfac-781b-e792-fb70-a6c7472affc4;207.198.144.0
eneal@example.net;+1-475-985-5008x299;e1685ca8-e032-2360-5c30-af502b04863a;147.234.107.208
cowanheather@example.org;2297324835;4f5bb8fd-4fe2-17e9-40e7-6c02c1b53c34;137.220.224.4
knightashley@example.org;738-643-4202x516;a538ec61-8cd6-d87b-ebaa-f237212837ab;20.109.24.171
samuel91@example.org;001-437-926-7302x4830;24c36623-602f-e277-a9b8-343920a06387;138.110.102.219
rubiopaul@example.org;620-745-7077x974;cf6993ae-55c9-461b-0315-0e1494204deb;135.16.147.163
carlygallagher@example.net;(496)506-7648x498;df43bd48-db65-46e9-0a8a-2ce973a4363b;154.71.253.206
tmora@example.com;720.466.7023x829;5e86cd9c-6fdb-3673-134b-acff428b24d6;56.78.26.121
jacobmiller@example.net;8014546981;f296abf6-585c-b17e-6e5d-8149f5cb1ec5;88.239.13.180
gonzalesdavid@example.com;+1-393-906-3964x2787;4d065030-c243-ea66-7a96-87ce2e183c66;189.99.158.247
jwoods@example.org;(207)455-1260;7f170c5c-ed11-70dd-5689-e4716892f300;199.101.21.26
haydenbailey@example.net;816-652-8670x54245;5ac6dd45-75c4-251b-0cbc-390ab795af0c;152.216.124.135
melissabrooks@example.org;(623)457-3293x153;ab872c15-96f9-1bf9-35ea-dbd52af1dc24;133.104.207.148
deborah78@example.net;(280)745-3876;59406cbb-01d9-f78b-bbdd-33e0b0cdb921;78.103.195.38
renee40@example.org;7147891994;9f89f013-82db-40f3-51ff-5578782570f2;57.96.52.23
blakewilliam@example.net;001-477-582-9060x623;67dbb808-4e0c-2ff0-c723-dca3b1de9dd4;59.19.247.131
patriciawilliams@example.com;(613)295-0614;da146e6f-99fc-0a3f-0f6d-4f4af49b5d05;84.69.65.13
ltaylor@example.org;277-713-7963;3ae486c9-9cce-0d26-ab76-4843614771d2;178.64.71.69
msampson@example.org;845.729.1054;f3a7b206-80e3-94d7-491e-a64e25a26cc2;211.171.88.230
zamorajason@example.net;001-447-879-9925;a5d0e4f5-03f6-b0b2-ab91-3153443ae3c7;154.219.105.216
trevorpreston@example.net;001-671-331-7158x49837;029f05be-bc05-c69f-eea1-c8c7ac886702;176.154.211.233
meganvasquez@example.net;001-299-741-2343;be8fb1a3-2508-55a5-09b7-5a5e17657aea;194.192.21.12
markdixon@example.com;559.415.5241x763;e5af70b4-98ab-cb32-24e7-5d967c240e69;88.222.30.18
joycejohn@example.net;642.241.3072;7ca81ed9-b092-48d4-cba6-0652b481f8c4;86.66.138.249
victoria67@example.net;952.477.4997;9619a53b-6129-3b0e-4f98-85a849c84f0a;88.186.46.24
avilaamy@example.net;947.346.9336;96421e0e-6736-0429-3905-0b58645f699f;216.35.54.31
krivera@example.org;+1-784-646-0639x3278;c854f9be-d7d9-2162-396f-adf8325157b1;169.76.167.174
amanda09@example.net;(665)285-2549;74c0a483-7a94-5c91-b8e0-27a2173b2ba4;172.78.9.56
hamiltonalan@example.net;882-419-8188;08298593-0fb6-a7ac-359e-fab921709c31;119.49.11.115
sarahhayes@example.net;(386)448-1774;5e810164-f186-e883-8f82-4c60c5d02d2a;80.201.241.98
torresjoshua@example.com;(835)559-2947x9253;4637d24f-21c9-e49f-9280-aa72740807af;57.169.55.147
angelacarter@example.net;+1-455-783-4425x46960;e5c51688-cf3a-12ee-16d2-d1dbe9d2e8b0;106.1.226.208
cindycannon@example.com;+1-869-872-5733x011;5f431eb2-d874-1e54-b96a-f415c316c95c;208.25.249.61
aaron44@example.net;419.664.2969;f4270020-85b0-fad8-359e-a392df9efbcc;176.173.117.72
tammy05@example.org;963-835-7381x476;76d47bd3-112e-165d-f66b-17138d6ef4d2;103.81.192.141
kimberly08@example.org;469.229.5306;dcd5b2da-3ab1-bd11-75de-9b6d1c54911c;203.103.91.214
donaldwalker@example.net;401.368.4871x45584;8849dc16-e770-8141-5953-0c532e789ac4;219.226.19.253
chelsea19@example.org;9839360905;d5296c83-283b-6c72-5492-a1512574e7ad;196.204.216.132
daniellesmith@example.org;+1-747-823-6326x021;49bfc245-790a-605b-62bd-3fd3e03b0d3c;106.46.154.186
wramirez@example.net;933-756-9954x84147;a91c0ae8-05a1-10bf-20cb-ab4af2f31a14;121.221.37.80
matthewalexander@example.com;001-926-473-9132;9ddf0e96-d7f3-007f-a038-6aa7198ae273;134.36.243.246
mbrooks@example.net;710-634-3908x90557;8e96ccea-2c23-3d28-6eb8-05fba26e508b;202.1.226.91
samanthawolfe@example.org;675.860.6121;96d8b640-d9bc-319b-86f1-d015be324a5d;183.107.215.32
nicole55@example.org;+1-612-825-1245;d251ddf7-7b21-ce9a-a46b-af3b1e01ead1;152.8.29.195
xabbott@example.org;001-834-219-6286x457;74d68ce1-c514-7cde-034c-b4e945f3259a;83.96.179.144
gchavez@example.net;891.428.2398x0107;9eb70cd6-55ad-45cc-1ac3-babe3ac90c87;133.212.138.212
amybishop@example.net;001-317-348-5601x764;94365178-6c48-f237-a3d0-5ca4ff1cf671;155.51.247.59
curtis57@example.com;001-887-921-1206;898f909a-0891-a5a9-8009-f3cbf3a6b1d3;204.21.57.157
hubbardtara@example.org;001-866-545-2456x87172;debd4f2e-5711-70a7-52c5-b37caa615a30;197.205.19.94
mitchellfrancis@example.org;+1-969-462-0457x480;58833163-f648-0d82-b826-0219be0340cf;145.21.95.232
lfinley@example.org;001-858-523-3231x26566;901e9944-e184-09b8-788b-2a59f34990bf;178.15.30.109
churchjeremy@example.net;927.207.9944x73276;0494a1b4-7b4d-4172-fc49-d5285dfacb68;201.53.215.118
vangstephanie@example.com;8406186082;098bffb6-1a3c-225a-6714-a99739876f46;220.5.165.171
stevenyoung@example.com;(668)679-7194x62392;d5d4c05a-d8d6-e916-1729-11e892a0af13;139.110.155.111
penafrank@example.net;(634)265-1923;7cc46203-81f3-94d8-2b8d-0347e3787ac0;216.208.26.208
bradshawgregory@example.org;+1-357-995-5454x91166;c0dd3eb2-b138-1361-3c02-62ce754f486a;46.129.66.247
ifarmer@example.org;614-351-3707x2641;233f7d8e-0aec-b634-2973-7844a31bd232;132.203.173.112
robertsrobert@example.com;001-901-489-1117x6767;467d7c4a-7840-8d7f-154d-4025fd6973b2;221.182.58.142
mcbrideariel@example.com;(838)650-4498x5197;1952aa77-7d32-fff7-6d60-6a6c9f50bbf1;182.90.246.138
jocelyn18@example.net;6532542495;346bd869-ada5-8375-572d-0404b133b4e0;185.216.3.124
zhaley@example.net;+1-768-488-8012;fca66332-bb59-4ac4-ec01-ebfe047c1dba;197.117.65.17
jeffchavez@example.com;7655733286;e59c209b-c649-0e5d-d9ac-9c4e08adaffe;216.7.207.153
johnsondustin@example.com;+1-575-381-2283x29205;a2edb59c-4985-36a5-1b0a-6bd55e8208a7;84.72.90.64
danielperkins@example.net;(822)685-8140x6350;73ccb306-913c-9792-7993-936b1287b21f;223.205.127.74
nathan16@example.org;001-290-594-7562x541;4ef172a2-5778-9ff7-b387-1fd382314db6;79.183.176.195
fergusonheather@example.net;7429955434;ad5297bf-dc50-f357-0fb2-679cab2da996;142.170.155.189
nathan17@example.net;+1-754-297-3991;35018877-678f-eb7e-9b6d-17afb4e5c32a;111.103.128.25
tamaraperez@example.org;5365177175;06489924-948e-a904-a1ff-1c4e00a8a61f;156.107.47.18
smithnicole@example.com;333-653-6419;5abfdd85-b8b3-a2ff-a831-b094550030e9;91.71.43.113
cynthiajacobson@example.net;4057464174;980fd240-6dcd-49dc-f460-3713d8831baa;200.110.78.23
clarkmary@example.org;346-608-1795x4463;f9ccda61-1911-6742-381a-2837c640787f;183.132.236.105
christensendenise@example.com;001-378-457-5508x95400;07e66053-b816-6cdd-76a0-935eb03fa35c;204.207.172.177
james95@example.org;374.450.4387x38081;f64d2b91-0f2e-367d-d20a-7969b9c40bb9;62.135.154.71
knelson@example.com;+1-321-906-8200x31005;4e0e4d2d-23fb-33ea-98eb-3675acad2325;144.59.128.176
perezkristine@example.com;260.320.4504;feaad0a6-17a8-863a-6042-c22f561feef8;222.57.7.90
jgilbert@example.net;001-583-855-7099x534;ed6e38f0-6036-dba5-1770-56b400e05680;215.92.156.186
ann33@example.org;(804)243-8707x511;e3b95791-6565-4014-0d3a-bb396b93885f;218.101.35.114
gonzalezmelissa@example.com;+1-546-699-8801x669;3623b5a7-568c-6bbb-882b-4e4e67cdcc38;37.179.17.224
akim@example.com;+1-392-471-0498x148;d5a8a081-5e0c-9bb6-b679-6fe4cc4aba58;121.28.58.3
elizabeth36@example.net;+1-473-422-5936x1785;649a61e1-b08c-13db-776b-4f85123cf607;215.105.143.154
emilymatthews@example.com;(463)310-2461x70255;1034c81d-d5a1-3266-cb8e-cc1e47421334;140.57.214.164
courtney92@example.org;001-558-262-5710x1818;752c1bf5-d5b5-c7c1-ac48-45f8fa1ee286;96.244.60.118
robbinsveronica@example.org;001-300-472-8941;a7bb4f4d-01ed-78c8-82de-f4551f998c7e;110.148.21.118
chall@example.com;001-356-993-4255x65674;7282f309-67d7-0219-f631-a383455c1bc5;197.162.70.212
leerobert@example.net;001-543-758-9564x9887;07b1b240-dcfc-421f-8f7a-9d9f6ea72581;221.148.60.189
denisemacias@example.com;(278)546-7266;e79aa71a-8cde-f445-5797-105c8c6801bd;142.239.106.225
dowens@example.com;+1-806-667-8698x60214;93de9527-0c1d-5bab-34dd-90f1398ef8e7;211.245.173.78
peterevans@example.com;+1-279-333-0638x5563;cef4a066-7b50-646c-b70e-f24a70444d1d;199.214.154.249
deanbridget@example.org;675-249-9161x0701;53b49842-b86c-88e1-5948-666e84af0fb4;177.48.229.242
katherinegonzalez@example.com;001-317-857-8151x195;b2604d39-8264-e2df-f895-77e8e0a9fe81;27.80.252.35
acevedorussell@example.net;376.345.8673x34523;8c908517-bf06-6aa1-caff-369598383d53;209.85.116.76
livingstonchristopher@example.org;+1-225-933-2905x5085;4773fcb7-1134-098c-218c-443f324bb6d5;207.20.23.123
howardmcknight@example.net;(721)847-2776;ed1d9c53-7f36-eb65-ad9e-c92b4c918e74;156.16.84.139
khandenise@example.org;999-556-8953x90819;6fde7909-8cc9-7a25-914d-ac0e17d9da3d;176.231.246.127
zcarter@example.com;6705543191;1a5462ac-47a2-fa92-fb28-619349250c61;158.187.62.21
blakejohnson@example.net;+1-723-690-5358x9342;04067cab-ad32-a6bd-1a4a-d209a748d944;65.189.171.192
craig06@example.org;(688)462-1788;1e40b47c-535f-0dbf-3d53-5688dffc9921;176.81.84.82
pnelson@example.net;344-263-3736x922;0470fcb0-3d23-7b05-b853-ad35c080b967;203.203.216.34
lisa85@example.org;303.726.4941x53956;3a089836-15c2-4250-e5e0-b73ea4a69fd6;154.215.200.83
alvarezeric@example.net;(481)861-0818x763;01436291-ce9c-d751-56e8-f4fdfc516fbd;116.249.241.128
xcaldwell@example.net;+1-755-769-8176x5438;59fe70b6-b9f2-e566-0cc0-c095168593a2;218.2.60.13
jhenderson@example.com;411-261-8776x8640;53773e33-47e4-44ae-e7f9-d9c179485b5f;217.61.105.202
blopez@example.com;(538)603-2970x183;3a02934b-d231-5f28-ffef-96eecd8ba5aa;212.143.181.41
erikaweiss@example.net;900-752-0577x704;76c623f8-d9b2-3f0a-fba1-6179c4e6bf4a;79.185.139.154
elizabeth05@example.com;(565)524-4115;03d45a03-cea7-f17f-8438-d36e3e07d0f8;158.229.16.195
jarmstrong@example.com;598.637.2634x47011;d5ab40bc-361c-8bb2-c9c5-3742c74a7410;1.56.151.143
christinawoodward@example.org;+1-379-797-3739x364;d1142118-a91b-2d99-3b5f-07d968b6f1c7;41.172.174.205
qgalvan@example.org;+1-363-377-0019x9883;18ab0768-46cb-88a2-8474-cf83c7c9e011;213.66.98.10
blee@example.com;(313)444-2407;97a283a5-febf-3939-e2b0-546bb52cca99;45.74.40.225
coxamy@example.org;+1-807-397-8245x661;15e38841-5369-5e77-3d6a-9bb1dafdfbe0;223.162.147.23
wgreen@example.com;6336389582;4fbf2c25-fe8c-3f88-020e-4d7bdc002675;189.186.247.88
robertaguirre@example.net;259.677.4649x92467;0a9c9f99-79a1-faba-5252-d27e59f052e7;209.110.66.126
rodriguezjoseph@example.com;+1-652-835-8509;5f0b84f3-5fbf-349c-a4a9-f73f17675d5c;145.163.171.9
carrann@example.org;480-412-1948x2764;77f87361-e805-364e-dc56-9a5b6db2e3af;34.166.227.59
lloydjoseph@example.org;607.761.0284x5472;f6f13442-1fad-20f8-a60b-b153590e1f8c;185.181.79.19
matthew94@example.net;001-786-661-0677x9406;0276c771-ea84-9809-5282-e0b011ae8a6a;195.157.6.20
jessemcgee@example.com;8243921559;c7c6622b-a0af-05d0-9d22-18076563a650;122.19.10.2
wknight@example.org;2494077086;84549cca-d975-7836-21d2-dadf4dc0d969;156.147.234.64
elizabethwebb@example.org;+1-427-828-3712x27827;707a9cf5-b0d3-aa87-09ae-be3d8d16f03b;27.127.168.196
cvargas@example.com;+1-349-637-3701x524;b8160656-2cda-8e3b-fe41-fcea94ddf6de;209.121.100.227
donaldortiz@example.net;5342997831;460b5d29-e611-6184-3dfe-8fda1321c9d2;206.62.186.88
kwillis@example.net;5563615137;444d3efe-843a-4f6c-7f6f-dd1f105bcfc8;134.152.171.1
doyleyolanda@example.net;+1-780-519-4361x227;5cc6db7d-0ecf-29ae-6a9b-aa5c264e51ac;193.156.68.231
jerry53@example.net;(641)974-3213x49462;8287b784-9f6d-e822-6e8a-139880ae5222;170.115.194.86
davisjeremiah@example.net;273-389-7725x7150;fea0e74d-0c28-32bc-2a72-94670fbbf2e1;192.141.154.88
mrussell@example.com;850.645.8494;300ff4cc-0831-d9f7-14aa-1adfda3cf697;91.79.151.252
charlesmorrison@example.org;9496392315;3e60d658-968a-db83-e462-7c820e8ecf81;217.98.65.200
charles07@example.net;841.870.6197x5876;f3ec49b8-2562-e3c2-666d-8395bdb71805;192.59.210.60
fbrown@example.org;396-976-5406;c898a90d-173e-4f58-a01f-45d1c86ebd32;54.242.213.124
lindseysmall@example.org;693-772-8273x0836;30c224b6-294e-1eb4-105f-6fc2598b86dc;207.202.221.27
jasonhenson@example.net;(612)475-2899x9342;e4a08533-a68a-954b-ba87-8265dc04a764;91.43.101.198
richardjohnston@example.org;(917)460-3372x3799;140b3721-54b4-b8c3-8acd-1ac9a76e0141;203.114.103.233
bhanson@example.com;+1-212-602-6268;10c64f0f-290d-1d79-039e-9b215d3cd2ac;68.111.144.74
james97@example.org;(383)324-5183x796;a4f47c36-af6a-b544-6e31-56e9f8f1e7ae;206.67.80.147
omarks@example.org;5714265082;544aa065-f172-9eec-83ab-a038d7e1092e;144.152.95.243
belliott@example.net;5204323471;b359725a-ecf3-3e89-a7c8-cc8917e5cab7;83.243.120.189
danieldixon@example.org;390.507.2879;ee0f9984-3f67-42ee-f312-46f4bb93cdf0;190.131.88.156
whitechloe@example.com;(591)684-7530x230;aa371f84-fbb1-44aa-34b8-2c4c919d9c86;103.72.228.125
james83@example.com;774.615.2865x492;6ccabacf-a9d3-fdb8-19a8-0158ebfdb7bc;49.117.4.218
davismary@example.net;(261)902-5562x163;506a23c5-0431-cb59-01b5-ed2591f1cd6a;187.5.249.59
davisjacob@example.com;9294284254;af64c44b-1ea8-b45e-af86-63c06f659c58;154.200.176.113
alexandrachristian@example.net;(549)735-4856;600525e9-882a-4f29-fd31-cd3153d6504f;178.168.17.9
andrew77@example.net;960.973.2093;7b30620e-8986-419b-cc54-bbf296e53510;80.217.106.217
jpalmer@example.net;5824109337;2cf5f25f-8951-e11d-41cd-47f004e8aca6;176.11.147.82
kchavez@example.net;323.754.9217x608;a28217a7-c026-a000-c659-306f8a418410;205.69.33.165
bradydillon@example.net;+1-437-982-8429x183;0256c8d4-d02e-32e4-47d6-998c0d8a8425;26.112.153.227
samanthamitchell@example.com;646-950-4552;75e759a4-ab81-2159-cae4-7ed0c62c7744;157.76.18.126
masonwolf@example.net;+1-957-228-9344x87137;a615afe5-2bc1-c24e-f86a-df8717e8547e;125.217.114.106
lopezderek@example.com;(635)665-2959x124;bdf1a548-5bdb-539d-19e2-b93f2a242bf7;72.128.102.128
ruthwilson@example.org;329-865-5091x664;80a895a7-19dc-440d-24e1-8baa5b81dde8;51.189.151.187
jordansanchez@example.net;368-961-4711;ecac52ac-2ebd-7738-b852-e3dd1730dc2a;198.147.244.233
jenniferjames@example.com;309-568-2355;c4b2f49b-e03d-7607-423c-d6d0bc5acc67;5.49.209.161
mollyrodriguez@example.net;5374881981;2a24286c-d709-bd8f-cbbc-b79e5b15ae03;160.214.71.179
antonio82@example.com;3507252785;e2f24e9d-d011-f42b-d47f-f142adfb7940;198.28.138.102
cgilmore@example.net;(585)209-2813x7015;ee66253f-5b4d-0e84-e030-9388f6a7ad22;212.102.129.71
baileytroy@example.org;(880)599-3331;bf61ba49-2450-7b7d-bcc8-d1858f392312;20.192.53.172
mboyd@example.com;(634)634-9609x8576;4a69ad0d-9456-f071-4e88-c149338cc32d;113.145.182.123
fdunn@example.net;727-783-7466;73e6a0fc-4160-47f7-3eb6-21f535df00f6;129.221.235.203
lsmith@example.org;001-953-309-5902x765;ff6b906f-41db-54b3-f538-3afdda67b305;61.165.156.58
wpeterson@example.org;001-472-792-6463;17b0a92c-7517-3be4-2fdc-03eeae6a8d19;220.53.4.39
johnsondana@example.org;3786537661;7708b3d3-1221-3132-89b3-895d77ed55a0;58.41.162.16
walkerrebecca@example.com;886.896.7686x28927;c958e6d0-e7d2-9215-de80-dcb93b84e592;197.185.138.161
leon27@example.com;(809)979-8868;abac204f-5eb3-1d23-e7af-3a2e44ee5a55;155.241.1.7
jwashington@example.net;831-693-3298;69c673db-6aad-975a-65db-b5dc2b9de50e;139.176.171.152
christywood@example.org;001-527-496-8317x2747;85669425-d2bb-3fef-c4cd-83e7eca201b7;222.115.72.59
garciascott@example.net;729.882.1445x085;dd40ded5-4fe6-62a9-823b-e375fd2596ac;68.189.41.45
ryan24@example.com;+1-369-782-8110x13427;3bc098d2-ee49-920a-37ba-691e6afe5475;47.174.247.47
johnsoncrystal@example.net;001-935-931-4276x248;eb77f114-1428-32db-2220-18488e2cc794;115.160.156.29
garymiller@example.net;893.694.5145;0fdaae94-e515-2c7c-9da1-98552db18f29;223.113.182.155
anamorris@example.org;2132462694;8b2edc28-08d4-fd41-4564-6ee2a2ddea48;74.231.146.229
laura26@example.net;699.430.1193x5131;ff0fd116-97ee-d3ba-f86f-31fc678ffdb0;203.251.211.143
rebecca72@example.org;819-537-3471;73ddd18a-cf28-1494-115d-aaec7c2b6fcb;199.44.227.228
michelle00@example.org;508.273.3019x350;ac51b4a6-63b8-9d54-df95-243d6ece3d10;197.227.225.110
scottperez@example.net;(227)609-2158x06851;285b38c6-c532-e3ac-85dc-c68ffade8509;213.189.207.100
watersmichelle@example.net;+1-967-928-2321x1053;d32f0421-4857-7d7c-5566-df5742315777;208.247.23.235
kevin19@example.net;272-996-2605;a781a62a-0b25-4aca-3d13-94250eeda2ce;201.209.82.167
reyesdaniel@example.com;564-530-7154x11396;16dda735-9f4a-4274-5815-f38d809f6f73;202.29.22.3
clee@example.org;(675)624-0408x8297;1e50c2a0-c147-75db-6b24-f9f996b5468c;14.6.153.21
katherinemeyer@example.org;+1-815-854-4237;634d9b68-b200-84de-b30c-390acd55e14a;111.183.133.224
rollinsjeffrey@example.com;302.391.3245x0320;d55d6b24-7507-5845-cecb-aa9718157e6b;204.37.51.161
kellerraymond@example.org;(404)784-0654x094;0f1efc47-a597-bc6a-a972-5344985aaf6d;207.145.43.132
webersteven@example.org;511.823.2057;3bacf44c-b541-bc62-e57a-889969d8a4d8;205.117.91.167
sandra58@example.com;(255)523-1095x0309;9eef5b84-b839-bab2-4145-1bd316077cb6;220.115.105.73
christopher79@example.org;764-443-1636;11369b9b-9f56-85cf-b490-73766bf99296;125.72.38.46
kaylajackson@example.com;655.982.6198;351ed8fc-3abd-2b07-14d0-525112d21385;130.44.54.61
jason54@example.org;(940)423-4606x002;780bab46-81e3-2c8b-e384-8eac30c009f8;138.139.95.165
diazashley@example.org;760.765.5680x1398;14973715-8c88-04de-14c8-1cab89aea00e;213.102.137.2
qjohnston@example.com;001-200-831-6056x2606;7da63c03-de3b-7f39-9e67-ca45e1c70066;171.65.149.124
snyderlevi@example.com;(997)645-7208x82207;1dad8c8d-4272-a0fb-32e0-9a19cd6efa93;152.193.115.46
alexanderhale@example.org;248.317.5154;41164c89-b335-109d-3553-4559b86804d3;190.220.9.190
kristine36@example.org;4516396985;1cc522e5-0596-72da-24f8-fdbb8215ee70;136.154.2.162
keith54@example.org;645.540.8124;33ce298b-22e4-6e05-4fb4-88f91898b3e3;166.167.172.27
kimberlybaxter@example.org;001-887-775-1291x02986;695c4d03-c48d-50d6-8cf8-c25ef1af72ab;68.159.241.95
gregorykennedy@example.com;(252)463-7544;8fb6bc26-0148-4e88-6594-ca5646b47e7e;111.28.152.5
williamgilbert@example.org;001-680-650-8779;dfbeba2a-80ad-90f9-e686-27982346870d;96.155.137.98
vsimon@example.net;001-859-636-1770;1a181279-88b9-2f98-885c-407e221dab9e;214.72.60.17
bfrederick@example.net;948.818.9798x18933;f6e0a114-c082-7c24-3168-6bf852560dd7;105.235.143.227
wendy80@example.com;(536)429-7872;ed8d7285-a6a9-afc5-5d7b-898f6311b17d;32.111.119.255
erikaclarke@example.net;(633)921-6748x6158;4f04108d-6158-1c1d-653b-d3d3765e6d85;99.169.138.180
ghall@example.org;(417)354-6395;9b855554-b602-cd8f-795c-e6063fca575e;92.34.113.77
nchan@example.com;8498775532;bf0e9d51-75b4-9a8e-668a-9de4f7ff605a;5.184.230.152
laura62@example.com;(935)478-1621x29476;dcdb0ca2-5752-f5f8-9655-9eab8fc2bd77;200.84.151.194
mark40@example.org;991.605.3939;c4554c8e-5ac3-4bac-25b8-135e67e2d935;211.191.209.99
tmason@example.org;628.770.2734x0011;691f5f2b-28eb-a8c1-8ac1-24418b5ad940;155.165.144.34
pwebb@example.com;233.381.6268x538;65f31707-0bf1-3e1d-bdeb-b2908e233e3d;26.63.210.192
mgordon@example.com;001-941-844-4421x6272;dbdc26e4-aa64-5d5d-9213-d4b6ff85c130;132.86.243.157
scott89@example.com;001-991-945-3062x085;216e5379-7104-51ec-4229-83a0cb731daa;220.247.46.234
nelsonisaac@example.com;001-994-994-8311x45222;bd23f476-7797-913e-4ce1-3b8fd069aaca;199.50.129.72
havila@example.org;001-811-330-6459x3683;57ddd5c7-9cd7-e670-b597-5146435d5bff;78.193.144.15
ashleydorsey@example.net;(705)894-6842x434;f46a5545-88d9-7bdf-5138-5e4ce435adbc;185.215.178.32
njones@example.net;(686)952-9226x259;553d38e3-c05c-9268-8f94-b4c49e98524b;160.70.210.166
xhutchinson@example.org;+1-531-529-4517x593;76743e08-23c8-1968-1465-3b3979e062a3;45.178.138.34
deanna96@example.net;(769)684-3937;6fcae188-ec37-0c69-8c6e-c291d789264e;195.205.40.166
livingstongeorge@example.net;833.257.1818x04786;30d01df6-1666-88ca-59d2-d2e3b677c65f;218.52.142.126
grayjoseph@example.org;564.277.7242x3621;bbf9cfa4-7276-0755-f60d-a1dc2f5d7ed1;203.60.145.16
arthurhernandez@example.org;946.553.5812x7993;c031bcfb-03b1-98d7-0e6d-b17793fd9b05;78.138.9.220
nicole24@example.org;435-370-4780;3dac7ccb-ced8-312d-f7ae-b3f8f8570f75;197.106.186.192
barbara33@example.org;714-405-1622;2ff02451-bc54-aed6-09e0-84c192c3bf0e;3.35.71.128
william97@example.org;9428599004;59e2edfa-a7ee-6279-3b74-42e855ab601c;26.157.145.137
destiny73@example.net;(339)479-0881x1618;18796e60-0029-51a5-03c9-bf62d1b51ba9;120.251.132.237
mayspatricia@example.net;300.750.4279x57620;6febef1b-9266-ebf2-8635-0463ac5c3ddb;223.40.9.33
vwilliams@example.com;+1-272-433-5317x3459;14b17ed7-ddc6-3bdf-02e1-61c7658b87a0;115.24.126.134
mackteresa@example.org;+1-299-846-9666x809;febb216f-61c2-5e70-b39c-9ad127ce1138;220.193.218.97
ovillanueva@example.org;626.617.9898x14326;bc9c07d4-dca2-cfde-827d-2ddf2c5288be;199.211.100.250
donaldsmith@example.com;410.954.6619x82388;d1ebc726-0f7e-8646-c612-7534b220cc19;50.171.203.180
linda45@example.com;6978394028;5494a7d3-959b-1a67-6c7a-9a4abf2723b6;182.91.175.141
qrodriguez@example.net;001-457-791-0994x1626;739c6206-f6aa-640e-dcf7-75263d8f930b;81.185.36.107
morgancolton@example.net;828-904-4992x1433;290a597d-8258-b7f2-7ad4-ab1364086f3b;199.35.21.94
hbrown@example.org;+1-460-641-2558x8526;386bee40-d44a-81f0-1814-193c19377f4d;131.127.90.10
jamesmarshall@example.net;001-656-883-1641x5588;e3c925f6-6858-95e0-8e8d-bd9cdb9916f7;219.62.122.195
rodriguezmary@example.com;001-246-988-6031;e8de7d5f-c6cb-db32-b94e-679568b97f94;43.18.246.165
simserin@example.com;(561)291-3054x9165;a8cca787-d425-a0f5-a439-268e446f30b7;54.69.163.122
laura50@example.net;634.859.3196x53677;7e823528-282a-426f-821b-ef2aefabdad0;142.161.38.168
stephen40@example.org;328-269-1886x91206;e8fb2192-7d48-2a57-7b47-055d6a5fac7c;216.224.149.23
carl11@example.net;211-975-5866x9261;078f8ee1-bfe1-a897-a081-e815d3345816;140.73.35.85
troy86@example.org;527.778.1567;3484f9e1-ddad-4766-26d0-b572cd0c75a8;131.244.18.104
anthonygould@example.org;001-314-454-8377;173a95d1-9a36-4abb-4443-ff0750bf87c4;215.242.108.150
jasonmiller@example.com;582.977.5577x09651;e7a5f485-6747-4c49-842e-507c5daa7dd7;53.190.3.155
andersonjames@example.com;001-465-778-7383x71659;3d4a975c-fb80-175b-b2ae-36dd894d6a22;215.153.157.8
tammy88@example.org;2392666356;f7f12ec5-7796-318d-27d4-8f530dceee24;191.245.97.106
torresthomas@example.com;001-389-796-9832;a60a5792-a378-88c7-54a6-94e895f7ca9c;192.175.113.252
marytapia@example.net;001-570-247-3093;64299e22-3d5e-e426-4adb-b1acc50e59e5;202.115.22.78
imoore@example.net;(352)549-8043;f05d470b-93c5-ce02-a2bc-b2fb5a91fd88;155.106.99.137
kayla28@example.net;+1-267-666-8395x29746;3b38ad71-e7ea-ec2d-0995-83402a123bd9;81.19.50.248
christinedaniel@example.net;(462)809-0852x8393;7367afa3-5f8a-a14e-68fa-67aabcd66a10;96.110.134.255
sberry@example.org;+1-696-312-6827x670;29649a28-1247-94ac-c537-7fa951ecb57c;221.233.236.14
chelsea24@example.net;+1-940-374-3951x095;72887348-096c-3bee-d681-810e5f1f9ce5;223.94.99.239
schroederbrenda@example.net;(404)387-0900x486;81d07d48-7e38-3d3b-f4f1-c6966db40d38;58.219.236.113
josephcox@example.com;487-537-2764;70d25f76-2ae2-2a63-5b67-d99305f5e362;216.118.201.237
jameslewis@example.net;001-813-477-6405;eb3e1700-f801-f0ef-6afc-7fd723b55ae9;205.208.176.1
davidwoods@example.com;+1-601-798-7465x10514;3f96faa6-ac8a-d3a1-2f3f-2080eb702bf3;180.213.19.124
nicole52@example.org;610-820-4039x19130;816e4ea3-8e00-633a-e807-d8b6f1314c15;196.57.139.240
richard53@example.org;(765)407-0486x91084;bfb3e563-6cc6-b5d5-281a-23d0c486df34;26.175.95.59
hjohnson@example.net;001-668-692-7324x9544;7affa913-7c14-4990-5374-d9df72001192;131.220.87.21
gaycrystal@example.net;658-615-1802x3710;eb686765-2957-b9e8-ca16-21ead4b4f0ae;203.111.98.43
calvinjohnson@example.net;+1-327-563-8706;cade161d-2137-84e4-ffe6-96a559dc4da9;222.114.2.218
anthony71@example.com;001-599-550-1485;4bd199b3-35ca-b17f-d4d9-372190d18ada;195.29.188.138
richard21@example.com;286.410.5370x6844;2262163f-5108-89d8-ab21-2b0f2d5f7df0;134.254.158.7
michael59@example.com;(847)753-6387x86029;60ee116d-3870-3fdb-af77-f090ed4e6f10;175.96.98.192
snydercory@example.org;234-414-7968x804;3848cd56-2a7d-a5f6-6868-f18abba3dcab;171.120.223.146
carlossimpson@example.net;(604)363-2505x56584;5c837512-4515-9e41-2247-e5f9e3cee40c;197.152.84.248
fnorman@example.com;407-675-1930x05494;04282385-e671-bc93-f1d9-73f67ce02f1b;202.66.192.180
matthewsmark@example.net;(673)544-4764;18db811c-f481-42f2-8551-b295293b6878;152.161.38.88
kimberly48@example.net;001-832-449-5785x65958;315aaf96-264c-d3d1-8201-c120e357364f;134.211.68.242
nicole12@example.org;+1-715-960-6438x95061;df8c1c53-9dba-8b86-180b-aad3ac2c86a2;218.40.72.56
sarah99@example.net;858.630.6069x6864;7730fac9-b168-baa3-cc63-bfcb35efef5d;210.144.10.25
bobbyporter@example.org;478-704-3905x793;fcd7c934-b1bc-91aa-49d8-deed4ca6d784;155.234.234.169
carolyn27@example.net;001-709-825-3732x88013;bd43912e-c78a-763a-f2ad-bb84d9ee8c54;145.204.51.47
bhuff@example.org;860-545-2415x8317;e47ec7e4-6ac0-68a9-8774-0cbd12708939;193.215.151.16
heatherclark@example.net;294-370-1624x923;c1a6663e-c555-ebb3-1f09-d0da7d31fdd0;200.239.83.49
bowenerica@example.org;(294)289-0612;266f0b81-3705-9acd-f18e-ae961b40cd83;31.84.137.189
carolyn23@example.com;(256)613-7063x45113;cf83a0ef-8872-8052-c04c-0e211166ad81;218.166.167.141
kchandler@example.org;462.905.4257;277f5a32-6ac6-8a6f-d0a7-bddb2b056c4e;101.207.167.215
ashley98@example.org;260-991-7578;33e0b677-860f-9d82-5406-f545ff245ca0;116.152.90.180
pparker@example.net;001-516-912-3199x86271;da757f56-e3a7-e1db-fc7f-e6af6504252f;193.183.207.255
qford@example.com;240-635-3486x84779;8ac8f4a7-0802-6895-07a9-79060373c8bd;205.47.74.66
emily69@example.com;460.418.0625x2205;54f1b800-e4f7-9cba-6c9e-6dff9fa6f710;222.8.56.195
waltergray@example.org;245-295-3639;a02d0bab-dcd3-6f67-44f4-639f5a11b289;2.216.194.161
susanlee@example.com;522-326-0095x55529;c4eff376-50a1-4a15-d46d-e17c5405fd82;216.54.115.114
gerald39@example.net;835.621.8709;4bb7da29-2460-caa6-27e7-79e22dedc69e;78.189.107.1
tamara09@example.net;(973)335-7400x94985;540c8d2c-7e39-51b6-bee3-be0557a84392;129.121.255.77
brandy34@example.org;911-638-6577x287;84ae3a8e-0cde-8369-fccd-ba23e3bb8b93;122.9.172.136
hortonchristina@example.net;(584)657-7449x37792;577fd9e4-5b98-3510-88cc-f067c0cae68f;159.255.20.235
wilkinsonkristie@example.net;600-435-2580x95210;580021cc-7dfd-e92f-2224-78ab05d189d7;131.156.179.106
phudson@example.com;(733)581-0655x53168;5b151731-d704-9412-3366-c382a51a349d;106.124.128.218
xbutler@example.com;001-370-968-1627x8974;0ed06052-49f3-0e53-ba4b-8dd35478add0;117.214.207.158
paulchristopher@example.org;+1-785-386-8220;71854577-e149-9883-c054-5b93f8cba5a0;1.233.134.98
derrick89@example.net;+1-966-647-9006;1f8b1a93-41ca-7b3d-1640-69c181ff2bb5;207.56.106.50
fkidd@example.com;537-658-3302;d18afd28-3464-a161-486e-c591933224a8;217.234.190.121
pbrowning@example.com;426-882-6793;b110f342-d09b-37cf-eaa3-919a4523d139;36.213.165.87
chelsea87@example.net;6646216387;6b6b3869-1d96-50a5-7c33-aa642c4cf34b;124.96.142.243
mikebauer@example.org;862-631-6558x84039;4840a497-8e79-89d9-bd42-e24bd7e87507;199.135.187.162
timothymills@example.net;001-240-968-7849x555;a12fc201-ba6b-05ff-8341-db0880e1b6cc;129.110.200.141
tburke@example.net;940.677.3433;c14c1564-a75c-5a17-b068-189da32d2029;148.242.178.143
westgregory@example.net;(555)922-6252x847;c38835f9-2635-5bad-a9a3-355eba47a6f0;92.200.149.114
plopez@example.net;538.646.7974;7a21815d-513c-4ae3-7327-45b86939549c;200.183.228.176
tiffany31@example.com;(205)756-1257x441;fc88ae7c-6f4b-a790-a6f9-3ad836aaa9a4;164.160.169.148
kristinsimmons@example.net;783-879-7514x9137;92dccc2b-c292-38c5-6e5c-da8b785f8e9e;211.182.96.180
vhughes@example.com;(562)919-8573;001d0490-6803-b344-ce33-a764397f54ca;211.140.14.106
owensjames@example.net;(628)319-5982x3614;bee7922e-ffbc-a4f8-1de1-71a94a19b050;16.85.144.107
cmason@example.net;502.478.5385;594a2bf5-d034-b3af-5414-9cdc810f8b6b;205.129.141.79
pattersonmatthew@example.com;220.832.7055x91189;7c25c401-7ffa-e531-d827-4e75c5e44666;17.222.23.246
charlesknapp@example.com;381.357.6093;fadcbc3d-fb9e-44c2-15c5-71115dd77bbc;208.46.57.250
cassandra72@example.net;690.929.3916x861;8c987af4-74c7-0f88-b4fc-5860c6b4d618;136.237.254.98
ctorres@example.net;+1-829-813-3299x4329;841a7389-6128-9e22-9af0-ce798b96f90f;84.209.51.222
turnerchristopher@example.net;(640)791-3071x32197;0d8e3764-4f13-a095-6c1e-47fbc675e6dc;219.47.41.61
katieerickson@example.com;(413)911-3263;41fe9c92-1eb5-0016-cd84-26357e59bb65;201.155.140.207
heather58@example.com;892.226.0471x132;c9cdb437-0c74-71df-8dd0-c0a59a847c50;102.56.130.165
jonesmark@example.com;732.459.9288x501;1b662519-6760-3c14-e05e-66e807b05e08;63.58.138.181
donsampson@example.net;001-720-714-0311x6496;d20d5822-e6f1-ab1e-ce80-6feba7b02312;45.100.208.68
vanessawilson@example.org;722.611.8584x67304;b42242a8-a1cf-ad88-93bc-5197ac0e4932;207.134.151.122
jefferyoliver@example.com;001-374-981-5049x91359;be1e3620-0788-1c94-3de6-d1f10bca27a4;204.94.117.179
susanswanson@example.net;001-272-880-7585;3c258ebe-f4f1-f696-b7c8-2d4e10db174b;130.71.123.174
beth58@example.org;+1-593-895-9801x74453;59984ecc-b978-ec2a-bcb8-835e3e0321fa;220.185.55.232
john37@example.com;+1-346-934-9536x8147;b8cecc2c-f26d-9ae5-3d88-c0fd5ced3625;205.232.201.62
burtoncynthia@example.com;803-659-2497x82405;1d44032f-cc5e-5b55-0fa2-d9ce26b49ddc;81.233.21.104
thomas23@example.com;001-552-328-7391x06255;1ba0debf-78c3-e2d7-0ac2-059f17e79280;210.57.227.124
yrocha@example.net;+1-787-701-8033;24007386-4efc-e267-a4a5-543e6d04b8d3;152.77.136.108
krice@example.net;857-911-8347;b5194a01-875d-88dc-3513-43977ce1f619;117.202.199.9
fmarquez@example.com;597-966-9165;abc6f89d-e712-046b-b109-70417b81e94c;153.68.206.52
mckinneysarah@example.com;(243)856-6772;2559b464-ea0f-2d6d-67ff-fd3e911ac129;193.219.247.35
fullerjeff@example.org;001-830-653-3117x3681;a239c812-270f-60be-6891-42c9d80803cd;165.192.24.92
jennifer10@example.org;+1-798-583-3380;cf0e411e-6607-9886-633d-e82e1b51cb07;135.51.40.191
jamiegraves@example.org;+1-453-425-4383x083;3211c0b9-295e-66c6-1968-2a98407b8472;138.8.84.170
serranomatthew@example.org;001-756-200-7494x644;f3b25ada-8749-9a77-4a04-fe1675d53c38;163.173.191.97
rlee@example.net;001-951-328-5820;1f499f10-2f98-5bda-3741-9bafebb53bfb;208.97.30.75
karen50@example.com;497-530-1195x4225;b6cbaaa5-a880-3dee-161f-24dd9532dc31;194.229.112.7
stephaniehernandez@example.net;(308)851-2286x7340;5662b961-43da-1ebe-27ee-02000afd8eee;138.137.53.27
qnielsen@example.net;+1-350-642-0034;f4af1c7a-db30-1ffd-fb20-382bbf86ad35;60.73.168.145
richard26@example.com;001-295-286-4145x1443;712de874-b7cf-dc99-3ab5-a333588be61e;220.221.203.192
edavis@example.net;278.330.8491x58193;47739e21-ba4a-b6d4-40ea-02a6eb6d10c8;215.234.219.66
dominic56@example.net;+1-504-798-4247x20967;3860b716-094c-e951-7d83-d2612b0d5c98;156.217.208.9
claytonnatalie@example.org;881-422-8864x250;66e7ccea-2c5f-b87a-4715-084f940fc0d2;90.194.94.157
pamholmes@example.net;616-443-3160x4661;8532f923-a59d-539a-d228-89dcb48d990a;174.243.161.236
smithrobert@example.net;473-277-3815;22be84f4-7db0-05db-6d1d-ad7ef14f3180;150.70.200.119
hrobinson@example.org;618.614.2087x026;01aa0dbc-ca04-a670-7fb3-d1721650ed4a;154.58.146.87
johnsullivan@example.org;+1-758-516-3605x469;ae301d6e-df8e-6cfb-a398-b394c3e3fdf1;186.182.185.132
benjaminporter@example.org;001-574-334-7075x3741;13e21586-d74c-3d01-2e4b-cb94e168ae61;88.154.179.1
kimberlytaylor@example.org;001-871-849-6578x96207;c2fb75b7-d788-f33b-6855-cf1a11143de7;220.220.240.0
calebpatel@example.net;3988834431;0dca13c6-09eb-7cf9-e6fa-71d4802142b9;208.104.157.139
jmills@example.com;+1-748-316-7887x48189;99ade1ef-eedb-fe69-64de-fedc97111560;201.60.67.112
wrightbrendan@example.org;876-524-7769;4c0d062c-35c4-be6a-1ffe-404389741ab9;203.140.242.78
andrea52@example.com;+1-921-317-0543x8567;8defc630-39a4-80e0-0473-1657abd2f700;68.53.39.184
robertlopez@example.org;550-608-9842;fbf91b1e-5577-5c5c-f8c0-c0faf7c40f44;191.115.14.117
andrewrodriguez@example.org;+1-997-899-9914x306;10bd6fc2-543b-3ecb-a5cb-93383535e84a;206.220.157.130
crawfordtheresa@example.org;504-312-3636x97679;1c407829-e6c2-0028-df70-5f2d8c77bd0a;70.56.239.133
annerichardson@example.org;236.952.1839x614;cd2a678f-73dc-8f62-6133-dbabb39eed88;121.252.242.38
jeremiahgordon@example.com;882-769-2424;edd2f32f-ac22-bc41-0645-3a01d7784e20;134.54.179.135
melissawashington@example.org;951-800-5665x1389;54a7eccf-9bbb-dd6c-3182-cfae7d0bbf49;45.192.140.3
moodycameron@example.net;+1-582-831-5091;dd6896da-faff-79aa-c40d-12e0241370fe;125.85.75.148
romerojustin@example.org;439-780-7095;3158cb96-5219-dd2c-1113-1ab56a053ba9;196.71.133.11
bishopgina@example.org;(699)450-7346;b5bfc516-16d2-2fce-106a-ebe2968c65a1;52.246.217.125
plopez@example.org;351-341-3208x5890;97cc4e81-93af-3d30-197c-b4ad5a91c110;161.229.200.132
christopher08@example.com;381-922-2281x7739;33e86da1-634f-0edb-dcec-43301263f7a1;135.149.196.16
nunezeileen@example.org;001-890-214-2716;c41d73f7-4226-4812-6c5d-f9ff204a1678;201.42.50.167
margaret65@example.com;802-554-6752x9831;ae2fcf08-8d37-9cce-d732-ed9b747f91e4;169.189.211.23
dominguezcharles@example.com;+1-794-216-0931x2467;730f60b2-b207-8676-8175-24feb7a791a9;131.40.157.229
ferrelljohn@example.org;5333853313;ec25ff33-19e6-a103-7977-d497d856e388;168.33.211.167
qanderson@example.com;466-356-2297x0985;20efe938-139d-3825-3784-039241e4d53d;90.174.76.14
destinyhall@example.org;713-662-3607;fa1eb37c-4d5d-0d5d-ded8-66d5cb809034;134.134.104.51
elizabeth46@example.net;7667211653;59333385-380c-cff8-e5b2-00803c515176;203.26.142.18
jonathanjackson@example.net;419.366.5370;59faeea0-da75-7f38-af67-f5d7faeae9e2;191.59.188.156
michael33@example.net;+1-588-385-7367x630;071b5eae-c5fb-5056-3680-3966b9f0cea2;140.23.226.138
glee@example.org;(903)442-9200;0b0ea6b2-681d-caff-4e2e-d3cfb899ed20;50.71.205.45
lisa74@example.org;+1-798-226-1887x303;96e3dbf6-3d3b-519e-ed85-63747e1bf81e;198.106.109.111
qlowe@example.org;001-839-332-0026x772;c2f694f5-9b19-1269-dcd7-2eaf45612213;74.240.225.118
lesliehutchinson@example.net;(789)218-1324x978;4ed90c50-4ebb-2418-fae7-50687bece306;206.129.130.49
bobby93@example.org;(214)483-5422x750;95020d2a-2c6c-d49e-abd8-0741275b5243;223.98.30.41
allenmelissa@example.net;266.235.9673;d1b73bce-fd87-b9b8-2f07-64ced25b13de;194.84.98.224
herreramonica@example.com;9654555592;90c40db9-d7bd-2ae3-cfa5-657e50d97993;194.69.104.235
hensonmike@example.net;741-762-4338;28330afd-1ff2-726d-83cf-b9fe01ab0a03;201.103.79.204
bradyjudith@example.com;364-679-3452;ea9ae95b-5d08-5c8a-c1f0-f21bb2545d76;172.15.199.52
chuerta@example.net;750-575-8466;916a2d8b-a395-fe4e-3352-990f6a7252e2;51.114.107.2
okelly@example.net;001-804-663-9714x176;4fe31770-2030-a718-75f1-4352b78e10cb;8.253.186.52
joanfrederick@example.org;(308)352-6116;b48e48a8-3a89-ecb7-64af-8045740cde1f;146.118.15.130
amanda79@example.net;+1-888-983-9494x06239;d73a27b6-6840-fed1-8227-b2760a20f6bd;83.243.31.69
santiagojared@example.org;919.843.5596x038;b645ebce-ea76-b046-a691-9f86a24253fb;222.49.50.40
imartinez@example.org;001-386-607-0039;a48efe00-f9cb-595c-af15-e1dd4f34e01c;218.118.88.117
christy82@example.com;001-487-757-7971x69443;c2d059e8-2287-5ddb-5f52-e122c448cc6c;207.115.243.109
zachary73@example.net;5795970494;c85a6504-a638-c3a0-7b73-07b4cb7c6139;211.118.179.197
patriciabryan@example.net;730.262.7274x569;fdf77eac-57ec-a7d2-19ed-11046623edca;104.116.138.201
ibaker@example.com;+1-319-460-0081x52758;5ed1a141-e69a-3ccd-a072-2038f57466d9;194.217.142.38
michael41@example.org;(556)551-8052;e64664c9-8e9b-deb8-7e4a-872445bd1d56;18.28.91.197
klane@example.net;001-206-832-6067;fb6a50c4-1289-d4df-660e-f05a5c68d90f;33.30.74.233
contrerasmark@example.com;6489928167;f4b2f74c-f120-9eb8-b415-4733ff8a68cb;219.16.158.253
melissaromero@example.net;978.401.2247x97784;306f3d03-5987-812b-e430-df519e55028b;192.237.118.94
lacey71@example.org;281.951.5592x998;431d163a-e9ac-4ae5-51cc-30f6ea52bee0;211.185.248.16
usanchez@example.com;836.630.0126x8817;3f487a34-7b8f-bae4-5024-588fbe49d445;95.144.6.75
martinmatthew@example.com;(431)245-9407x024;fe29bb17-ad55-7539-4471-316aee2d5e13;185.42.191.149
thomaschase@example.org;4947451434;42893525-d6a7-313d-becc-3637d39f0db7;94.58.46.254
durananna@example.org;(504)494-5139x34960;5f940439-2026-be75-300d-a152764f6be7;183.95.133.218
jose33@example.com;(678)803-2881x635;4885f4b2-aeec-a118-6480-98bb124326bf;220.5.84.95
wheelerdavid@example.org;555-362-2635;47d8ad66-4ae5-c8c5-b97b-e3db00140d33;84.40.34.117
debra98@example.net;001-401-465-4562x8485;2cba27f7-d613-f7b4-a1eb-5de19dcb760e;142.57.244.61
johnferguson@example.org;+1-265-368-5809x968;afa3e66d-446a-b880-6b08-90f0078abc06;193.69.55.251
jeremy79@example.com;+1-505-953-6934x1085;75a43821-1ada-a0fa-95db-64037882b22d;31.234.57.149
lisa89@example.com;949-762-5706x2401;82781186-e6b1-b7f2-fd05-3dd068662e66;116.14.73.79
leroygordon@example.net;001-619-931-9095x619;0ae61374-d666-9801-f397-259b94757e51;208.237.223.180
jessica68@example.net;521.386.8486x3093;761f8914-15bf-9e7d-3386-36aa66600345;175.99.162.95
melissa36@example.net;+1-900-509-1347x300;4e2349ae-3833-4a36-86af-253fd4bdfd86;100.153.21.47
rodriguezsandra@example.com;001-519-405-2685;ab7f983a-216a-6e27-6a0c-466da62d7576;216.126.3.201
wanda62@example.com;5286492226;f498359a-c2c2-595d-1482-f1028ec94b5e;82.147.169.169
maria69@example.com;+1-299-662-1973x3193;08eaa046-bbce-38a5-ae6a-645132e71eca;11.40.20.69
donaldjenkins@example.net;001-859-575-0545x7526;ae1a4c3f-b826-e2b5-067a-5a5529322bd5;165.140.253.80
pughbrian@example.net;+1-866-348-4763;4ab673ff-6b4f-f279-fff7-caa7dc43c35f;158.248.108.96
stephanie90@example.com;302-898-8005;ac443242-0e22-0198-180a-3788e65f187e;27.129.101.216
elizabeth62@example.com;215-567-1377;109a6027-60b3-9adc-d22f-d1c46bd57058;202.51.240.76
johndunlap@example.com;001-947-906-5368;3923cc7a-eab7-d9b9-b7a1-04383ade3192;222.179.70.127
jonathanhurley@example.org;001-240-903-6789x9725;28ecf5be-5f81-7234-7641-4b97daaaf0f6;49.82.240.159
sean86@example.com;+1-955-516-4840x067;7c47577d-69c8-dde8-a332-64becd875a7b;192.1.212.171
ryancurry@example.com;293.417.1984;b4f68aca-cfc3-5189-c7b2-b60e38d8e655;211.97.86.228
nicole76@example.com;848.248.1322;e33ff8c5-2501-18ba-8b20-78c263f1aa9e;168.109.144.32
cynthiapage@example.com;(622)909-6991x258;32db592d-dafe-5fbb-37cd-ad964e1c300e;157.158.187.159
austinbrady@example.com;+1-732-588-8042x07601;38814790-7aa2-c0ef-7cb1-e36eb81b0c02;200.183.62.204
aliciaevans@example.org;470-813-4892;4159f8e1-10dc-287b-c229-d45e0f6509c9;80.48.150.229
eric61@example.net;(822)562-3284;b035b841-a5c4-fe18-1edb-c419aeabd1d7;25.70.140.14
oparker@example.com;216-569-8298x31079;2b8b67a3-73e3-3692-6c67-d4fe6e0da23c;129.2.210.45
garciawesley@example.org;4006131628;2bfd3bd3-77f3-0268-367c-10bc216d721c;156.56.2.67
millersusan@example.net;445-834-0162x20648;6a62e29b-1de8-6c1c-df66-e8c4c737473b;86.85.132.4
kristinamercer@example.com;971.758.9287;f4bc8265-9ed7-1d60-91b1-4e82f4f2b637;199.160.12.101
ncastro@example.net;001-204-788-8446;d41154ec-c568-9f97-ac4d-597ea7f4d894;107.24.249.11
sherry83@example.com;582-547-7915x60055;7007a2aa-b6f2-f98a-0553-059492034d16;182.39.78.60
rodriguezjacob@example.org;833.243.8564;cc3aef48-69a3-8138-15a6-24280718c776;193.140.74.197
steven73@example.com;3587972854;13558454-a40b-c45b-64d7-98a5d91f7267;174.251.245.219
ocampbell@example.org;882.795.8467;9d93a16d-1dcf-c0ea-c1c6-4ea800a43371;193.112.18.39
shawnwest@example.com;(802)917-5593x377;d5929d78-fb79-9e83-3a39-f9112be99645;85.152.155.46
adamstina@example.net;001-763-212-8052x4198;4fea3052-9b04-4633-2bb8-74b71aab2400;23.4.39.71
kristen98@example.com;605.365.8279x108;7d4c8337-2e68-b039-5836-e024f44ad939;160.58.82.64
yoderjason@example.com;9697674822;5d1f57cf-9df3-9e55-64ac-25e2be9f001c;92.1.245.200
teresanielsen@example.net;353-305-3053;a7030b0d-9227-a2b6-0cf2-ef80744cc69a;144.200.232.172
lburgess@example.com;001-812-815-0160;f9b4467c-a71d-9c9a-f11d-fd4ce63cbf1a;191.63.155.140
chris63@example.org;992-627-5464;e71a3dca-3715-4929-fb1e-cc254de70bea;80.17.218.89
robert81@example.com;(796)984-2739;23e3f484-070b-feb4-b0c2-24ad6411c544;113.188.2.183
dwong@example.com;+1-626-681-6253x391;30d4b40f-b867-d12f-1ade-898e59f56f8e;150.204.158.34
ernest76@example.com;839-682-3692x829;f3a34aa9-b2c7-617d-3eef-ab3484c5ac77;169.100.172.138
lisagonzalez@example.com;+1-856-633-3406;35d6a05d-5db4-6574-e9d2-c0e4b0ef5219;210.158.30.117
alexanderdavis@example.com;001-287-345-5682x1229;5fac0ad8-25b3-cdd3-498e-afc85aa92b31;168.209.82.219
zayala@example.com;7463347977;987b7c29-882f-5fdd-e724-7d4147defb30;12.232.245.57
brianschultz@example.com;(213)772-3579;915120a7-5217-37bc-b578-282061ec23e8;219.55.81.152
williamwade@example.com;+1-835-397-9066x696;16aacfcb-006a-f36e-7e03-06142e5b80da;180.209.90.39
aadams@example.com;938-594-1945;7e48b5b7-3a6b-c4f5-6621-bd933e78ed1d;199.147.21.245
levineray@example.net;980-490-0583x886;a21c71e8-15b7-bdbf-b90d-9de870e83200;24.114.225.27
ehenderson@example.com;982.989.1794x7318;4cf5c286-1148-7eaa-32fc-21b8445148d1;97.232.116.210
obrown@example.com;569-471-7735;193fa24c-a809-8e09-2352-0293cc31578e;178.55.39.33
pamelasmith@example.org;+1-535-837-5043x724;a0a9ae89-591e-80b8-033c-fec3a2810ddd;91.99.159.250
dmorton@example.org;+1-340-570-0858x9119;bce12f67-23ab-e778-c6f6-fd0649b06053;147.124.187.144
eshepard@example.com;001-535-306-4329x53160;f2762e72-8949-b086-12eb-4e22fbc5543a;8.185.114.77
micheleroberts@example.org;728.254.9533;8d6d0188-52ad-7ab4-7b3c-4e292f94c7cf;103.121.148.150
megan14@example.net;(302)243-7711;e78fac0f-2ffa-ca6a-0cf6-0e5de9b151d1;137.101.60.104
mary78@example.com;390.966.3517x1585;2e15353f-7c59-6e26-6912-db7f775a8ec2;207.162.100.109
alexnewman@example.net;425.396.4194;c74c9252-c3e0-a85c-c94b-989aeb269dbc;179.47.30.117
wesley62@example.net;8554454285;f7783e19-b8f8-e00e-17b6-c2405d75423d;216.250.92.122
eric66@example.com;(870)269-7327;fce21551-d680-d2d7-4c63-b944aa549f80;219.59.194.17
avilaeric@example.com;8029864265;03166e74-da96-13f6-5a76-4eab9fcef3c0;139.224.18.251
gonzalezchristina@example.net;001-565-666-6228;9004ff22-4688-bef4-0ace-a7d34a372924;197.240.77.158
esparzaelizabeth@example.net;(709)465-4269;f2638a01-197d-9bbf-81bf-72623abcf39d;195.110.4.213
nancysmith@example.net;751.809.0827;9bc257db-1662-4352-b8e2-47282fae1b6e;194.175.200.36
benjamin28@example.com;(588)388-6288x523;a87ebf37-1bd5-b025-5a17-4d569bcf4fb4;155.97.48.34
laurenmurray@example.net;(821)443-6178x20414;cd8d688a-b9e6-81ff-327d-46d38ac76022;74.28.116.154
jasonphillips@example.net;896.253.9044x17449;555091eb-2e13-7405-a92c-26e9b540015a;116.71.131.142
isaac63@example.com;226.766.4255x361;f94e9159-3583-9b6a-b304-4113e9130430;123.60.18.62
victor78@example.org;4873612665;0e0ae4bc-aa8a-b6b2-7799-66597b94db09;48.87.38.100
villegasstephen@example.net;8903076064;c0a4edab-8a53-5b03-cf75-49b2af4638a6;63.39.202.183
fbaker@example.org;001-516-432-7332x8255;5b413f1c-0d55-7fb0-4ee1-fd5c0c25b279;123.106.64.137
stevenbrown@example.org;274-370-5634;93fc2067-1535-4b79-dd73-e8bccc052841;179.13.69.47
qgarrett@example.com;499-415-3600x20520;e2d05646-323f-0293-7cc6-f2fda77c9247;137.183.54.49
jenna55@example.org;+1-396-980-7972x4174;2ecaf2aa-fcaa-f0e6-bbde-3a66bf5f480e;222.59.166.0
greenkelly@example.org;459-772-4200x880;41680214-7c53-837e-df7b-c000e9843897;181.159.152.91
nicolemorris@example.net;736.514.8205;7f1c2287-d9a2-405d-df83-31cf3b452a63;133.242.30.122
jacob67@example.com;001-723-216-5301x9975;ff55f1eb-3e45-9cd9-fb02-313f6817385a;214.95.160.175
vnelson@example.com;404-860-2215;5d352a49-8f7b-6a0f-c046-e255eeaa25dd;159.177.67.133
blevinsamanda@example.net;+1-334-297-2465x5969;e827f46a-ee66-82dc-8b42-d83339379b99;147.185.21.158
bstark@example.com;728-702-3928x864;f9e39b87-0599-40c4-c514-8ffa8aae6d97;128.157.77.255
eduardosmith@example.net;891-388-7460;d93dee81-6d77-3171-ac21-39f052a86140;208.28.177.137
brichardson@example.com;(891)546-4294x34522;ea55f8be-0767-ea6f-1ef6-684ff6fcfe2d;1.38.214.198
bchambers@example.org;(773)556-6824;ddf5c609-b82d-d55c-ea4e-ceb5722f7816;156.62.9.22
richardtran@example.com;753-888-1062x482;71c3ef2d-ee84-d2b1-a35b-d4d14a2c72e0;131.160.174.146
joseph51@example.com;459-474-3641x95923;993e77f3-3d5f-7cdf-82ab-9df7ffc62def;205.176.171.47
patriciastevenson@example.com;956.887.2529x8722;ef4ff2f4-ef87-a1b0-b7c5-6b82420aec0b;177.211.6.10
vortega@example.net;001-779-327-1974x51269;6b090bba-c824-a606-fbdd-fc0aa79e84dc;205.43.156.181
benjaminthomas@example.net;800.328.9127x19310;0961efc4-398c-ef99-16a8-da2026876e98;19.205.58.187
pbarry@example.com;445-802-6004;dbb4c9f5-af3f-8abe-03c3-390ce8d74ee1;217.235.174.237
anthonybarnett@example.org;8507387078;de47c76d-4f57-1cf9-9b57-d8354d27cd35;63.29.204.87
janet76@example.net;001-613-650-7216;292061ff-e626-3a16-a853-2bc6c3f61121;209.88.16.143
dthomas@example.org;251.986.0511;0c0ab805-a981-d7d5-471b-acf6ca0077a0;32.200.223.74
ramireztyler@example.com;719-329-6966;b82039dd-6ad2-4a49-a3f6-c1fbe24a3568;223.55.86.17
sarah20@example.com;200.724.1338x769;fdc6a004-7886-0f2d-1d67-4bec34738bca;77.99.231.182
mwoods@example.org;994.804.4338x84903;f90d6bdd-2f38-432e-d3f5-f27e96d0046d;157.196.25.117
julianmartinez@example.org;721-876-0963x923;d77f7175-5164-6a5d-9026-c9752ce19b5d;223.118.152.210
brendabailey@example.com;613-351-8619x45482;aebb987d-4eeb-2d3a-ebca-2a12e4723514;119.25.91.251
bakerjacob@example.net;001-502-398-8146x159;25d30f2f-a41c-b5db-d61b-8f33f3c64dc4;87.177.141.65
josestevens@example.net;+1-367-573-3603x3467;8de5b855-03a3-99c2-aad1-0beccaaedb22;64.43.124.240
belllisa@example.com;(893)533-2768;6120c21f-7fc7-2604-8a28-dc2bc7563281;149.103.154.105
ryanfrost@example.com;834.355.6699;d9e6b6b5-1fc3-9f3c-fb51-c7315e1b860c;151.151.13.25
johngarner@example.com;655-231-0430;f5269544-2f81-58a5-35cd-41e8709db951;192.187.199.20
hmartin@example.com;483.310.1965;079bacd0-67ce-32ea-3ea9-e7d6a4a8baa5;211.185.73.51
josenovak@example.com;2257666629;5c477c3f-460d-c068-04b1-0395ded7862d;48.52.212.174
jorgerichards@example.net;+1-258-987-0025x8855;4ad57b09-3e61-7ae5-dad7-cf03902d9925;208.31.141.231
christyjones@example.net;(755)433-4146x3060;d73f97c8-e710-ed9e-6f03-b5f2361a1105;38.67.205.124
hshepherd@example.net;973.597.2447x9055;e854f3c7-7f1d-a33b-a532-c354239d2226;203.183.64.17
ellislaurie@example.org;(832)591-9318;7e9816a6-af28-cb9d-55a4-9fba7a2dc6bc;206.225.248.123
pchandler@example.net;001-463-577-2491;c0aa0d26-27a4-3062-b7b3-1472548b6e3f;196.200.183.156
stantonmitchell@example.net;376-827-8938;0abd9156-9ab4-24b7-017b-60162017377b;121.224.66.90
crystaleaton@example.net;518-721-3368;cf15ba4e-ed9c-48eb-1f6e-ceccf79d70f9;167.222.240.250
amy07@example.com;+1-463-285-0605x761;12932467-0ff0-0cce-d7d2-24f76c9a86c4;37.30.144.127
hmcconnell@example.net;(691)257-7136x011;67a03cf6-4b74-5991-e6bf-fd767e713eb0;138.66.175.131
robinsonshannon@example.com;200-759-9016;9b6ed943-cd79-349c-b446-5b4f17d89604;183.23.32.196
dawnramirez@example.org;+1-255-210-1530x84994;c8c1b98f-1c3b-5630-e3b5-98f602ac1d40;154.34.6.0
shannon46@example.net;(228)451-0055x02084;e7202aaa-dcb1-e10f-d0ed-1d8c5022d606;29.8.95.31
nicole19@example.net;827.843.6748x6621;6ce0bcd0-0e60-e8d5-ac6c-891cdda868cc;183.75.149.19
christopherclayton@example.org;457-781-8420;3689e12a-c350-7cb6-fe82-12c20c5513e3;199.157.194.91
seanblackwell@example.org;001-477-862-4622x906;fc2fd566-1bc5-391a-f496-dfac3c6effc5;209.174.70.156
ahebert@example.com;818.203.9750x36446;413a1a56-a329-4662-f341-a9759625f496;207.198.119.102
juan85@example.com;744-375-0711x5309;820bb169-1fb2-f569-6da0-ba2e5a429284;126.5.119.93
wallaceharry@example.net;534.804.5910;a3caf115-dcca-655c-73dc-4c86b7b0f601;4.55.47.70
terry89@example.com;450.432.1020x763;13714f3e-8585-61f3-3afa-420d7ed9f6c6;9.63.255.237
graveskimberly@example.net;+1-410-610-6239x63287;2475f756-1fa0-5429-5455-d6919ff14f6d;148.170.153.32
millerdavid@example.net;839-837-2135;6121e9fa-2acf-5b2f-2a6b-72e500462aff;140.236.139.220
gonzalesjill@example.net;001-694-479-5492x88005;47320174-4c01-766d-4680-552136ff7cf3;119.109.86.93
jamesmartin@example.net;(773)741-9554x03082;17d3a2a1-a90a-fab3-49ae-af28bff140de;167.30.245.20
ifrank@example.net;216-586-9125;c60031ae-c105-d6bc-a7d1-ebd477adf6f1;8.205.238.28
knorman@example.net;(520)347-9564;25ae4b22-fa8c-fe42-ac46-b9577b165f54;196.121.36.214
jeantran@example.net;+1-305-680-2550x206;80ed39d9-a80c-09bc-29b9-96ab90141ac8;133.19.37.137
zswanson@example.net;001-436-953-4843;c7861a3a-e992-2e13-aaf6-c4a3d9b09d50;64.1.185.182
johnnyturner@example.net;968.287.5742x2863;81b4a850-51e8-9490-5ffb-2acdbe39d68a;198.140.56.160
cindy61@example.net;998-368-3405;3eb41096-2d36-a04c-9ef7-54bf8807aea7;206.89.181.115
zsimmons@example.com;610-605-9988x190;65b548ca-629e-69c6-5e72-2c95972cc2ff;14.140.144.209
brownjulie@example.net;5289512953;dd0653f8-2b0a-a896-bf14-e3024d7f461b;115.17.179.180
elliottgabriel@example.org;001-972-866-0016x142;c3c17477-237d-c96f-7bfa-e3bd4f9335fe;132.195.151.76
charleslester@example.com;+1-919-256-6241x7654;c54b00df-d2ea-1d8e-3d6a-899acef3ef28;212.137.178.211
james52@example.org;+1-916-267-5398x482;df028485-767e-ce06-e182-56e6666cf522;41.161.5.246
drakestacie@example.com;479-283-0739x1294;18963b9d-0e87-b6dc-aefb-2cfe84403160;157.210.115.57
meganmorris@example.org;001-621-679-7570;11ec1706-8cda-74e2-0aa3-fefbde4bb5df;130.56.225.108
michelle36@example.com;(470)518-7441;08b5f3d3-da35-d995-37f5-fefa9eac51aa;55.53.149.83
wrightchristian@example.org;001-895-748-2090x94047;d8e22b72-364b-6641-2ae7-cfa4347ec148;175.223.149.51
andreaschneider@example.net;(863)418-7349x63480;e61982b4-2ec2-d77c-68d5-6d40197f5dbf;36.230.114.74
flong@example.org;256-427-6817x016;56ed7cab-0eb2-46b7-3603-79f765db908f;220.26.13.60
uduncan@example.com;425-736-7049;c35dfac7-54ed-01eb-6bbf-087abdfd5b97;83.190.96.217
billy78@example.org;001-659-852-8250;fd965872-dd62-9b1f-766c-6a1e06c2bdb2;174.44.182.137
ydawson@example.org;899.616.0830x157;35b4e24a-33d5-ee29-7e43-ba0b4b21e041;148.65.127.11
cheryl16@example.org;001-644-480-0102x7345;5397caba-1344-383d-c1a1-adbaf7c5dc83;47.209.13.37
harringtonrobert@example.net;(260)741-5304;e8d9b58c-dc0b-ddbb-91f5-36723d007ebb;210.12.237.122
joneskylie@example.com;(304)268-8422x3243;ef98903f-bf99-0225-b692-ae07c082d892;24.36.20.129
kimmorgan@example.org;283.881.9024x463;f1b4cb45-551c-a9e0-40bb-240b31835a60;109.16.158.88
trodriguez@example.org;(544)314-5637x9600;af9291a0-afef-206a-c6b4-cbdbeee04ff2;208.161.27.81
maurice01@example.net;001-887-219-0086x1463;2dbe25f4-7fbe-503e-aed4-853c27266dda;210.1.18.8
davidkelly@example.com;(917)980-8375x40927;ff0ba9b0-ecfd-8cd9-d2f5-2b1cc7695fd3;121.103.212.50
peter84@example.org;001-891-577-4743x092;871084e1-b1ac-7801-c528-6e4f62447059;112.147.111.116
carloshumphrey@example.org;(952)599-9324x17942;34a6a705-1773-66c4-a0ba-569463577be4;191.164.85.134
patricia71@example.net;854-454-6896x69819;4ec2bbb2-0ac2-93f2-1928-a865cb059a11;208.124.10.178
carolinepace@example.net;(503)924-1893x30614;e2f84638-66f8-d428-597f-2a5cc761225a;157.206.20.228
nguyenbenjamin@example.com;420.324.6845;51db71f7-5a6d-ca1b-59bc-b3b73a4cd026;209.135.14.5
christopher82@example.net;+1-903-885-1025;d4656665-4233-cfc4-805a-e18f06c27619;219.3.133.73
alejandramahoney@example.org;716-385-8143;eaf877f4-6739-7db6-1c55-1c73da131aaf;149.11.117.25
gcox@example.net;367-355-2316;eca766d9-0f62-9164-8d97-bd8ba0bcdc46;65.119.15.207
jvaldez@example.com;614-583-6048x12726;d780921a-7f27-b9cf-ce70-600ef0e38cac;199.161.142.116
christopherphillips@example.com;848-790-0904;a1ed9034-b3c5-5c30-086f-32b0c6769399;215.23.100.243
sryan@example.net;640.675.9563x6231;04730986-f4e6-7bcc-65d3-350e29ebdc64;18.68.208.137
scottvaldez@example.com;001-538-308-2619;a9568b7a-8024-f108-781b-8cc563fad99f;114.159.244.153
haleymichael@example.net;(705)522-1491x905;7e5c8a5c-5013-b021-5cf4-6e7870c475ce;216.164.81.54
henrywalters@example.net;(224)202-9179x8556;e7d602e7-c853-b6c9-2b0e-0a9762d48d79;24.201.206.113
matthew37@example.com;227-759-6695;2c273a7a-e89f-63e5-d635-eda2febd09c8;212.114.123.255
joe61@example.com;653.228.0900x833;d82dcd9a-cf0e-ea3e-5f12-c39e0ea88523;45.30.6.168
vsanchez@example.org;984-249-4085;2307ed9d-ef43-3a39-21a8-67b7ac37696e;149.64.2.73
oroberson@example.com;277-973-2602;87182477-4e94-9c2a-8341-a2e8987c8de8;188.235.162.74
marissaholloway@example.com;(511)453-9083x94813;3df6f759-43b6-f982-2185-c9be786b8f65;144.127.34.66
rebeccaowens@example.com;(817)964-5050x30880;93def0ca-7108-0d5a-23df-07e0ddcc5c2e;74.4.216.248
ashleywilliamson@example.net;640.366.2290x28325;e373669a-840c-586c-ce43-e2c021ec0c92;118.134.15.0
doyleamanda@example.org;(882)334-5320x731;70cdf167-c5da-ed83-af9a-050e9d15dee8;223.9.98.122
jordancook@example.com;223.835.2335;3489d02d-d053-0afc-c00d-5e833951eb3f;11.129.255.227
stoneerika@example.net;+1-690-844-9942x236;a871bb8b-c4bb-dba2-864c-7f9398136180;206.59.153.249
